43 155
155 13
148 102
40 27
X
46 82
74 82
105 164
41 181
187 139
106 75
X
161 75
83 82
188 176
151 168
85 82
173 21
87 82
171 183
159 155
106 142
46 42
53 14
145 191
164 155
X
97 156
41 125
X
X
X
96 12
90 42
155 1
154 102
97 82
143 146
8 75
139 82
41 48
66 31
X
94 42
178 5
28 52
X
121 42
118 70
146 146
51 74
141 82
X
44 47
X
144 106
9 103
12 103
183 106
158 42
98 92
6 137
150 9
136 70
100 12
144 41
162 42
188 12
29 103
99 28
143 82
30 103
153 82
31 149
40 74
4 43
27 134
41 156
92 109
34 186
49 14
41 84
91 156
X
25 43
183 102
X
19 102
28 43
139 70
X
82 50
X
109 86
X
104 179
164 59
130 156
156 105
87 147
91 154
X
18 180
44 113
17 76
104 72
182 52
75 6
154 82
111 190
107 123
169 51
39 41
38 43
118 105
21 5
46 43
94 43
71 147
43 77
162 11
8 146
131 156
46 39
X
78 107
187 157
42 136
21 86
180 192
169 146
182 94
170 146
52 102
163 82
164 82
126 71
99 154
116 178
34 105
31 33
49 43
179 82
38 126
67 163
188 157
191 126
X
106 39
133 40
49 153
X
X
193 82
19 9
175 82
69 102
91 177
103 24
32 103
121 75
28 79
21 83
65 115
159 168
125 75
64 45
90 43
14 42
22 83
118 37
117 39
192 145
41 180
X
147 134
166 159
50 158
157 14
105 64
157 106
11 128
33 103
X
X
157 105
24 83
3 140
87 163
46 83
126 14
91 43
184 192
44 86
197 59
X
119 43
4 131
120 43
64 75
X
159 107
44 180
127 175
X
96 19
26 195
174 138
6 131
160 191
31 28
35 103
X
56 83
144 102
194 48
180 117
172 51
X
X
29 108
185 91
30 26
24 81
66 14
X
36 103
179 51
192 12
57 83
X
X
161 168
119 104
67 158
58 83
53 180
X
121 43
5 60
143 148
172 146
X
65 103
11 180
129 26
52 20
32 63
4 147
172 26
59 83
60 83
X
141 163
X
48 165
52 75
80 39
182 35
31 108
143 43
126 68
131 52
173 192
103 127
132 156
34 74
14 48
54 108
X
X
45 9
155 43
X
147 130
67 160
187 151
135 75
96 64
137 156
68 172
44 77
148 75
121 108
87 158
15 79
X
102 134
74 83
169 100
103 159
X
166 158
25 44
X
X
44 116
75 83
179 186
30 91
81 128
138 156
40 148
74 160
76 145
55 180
34 26
X
X
71 103
86 193
77 83
170 91
12 147
146 150
166 168
X
94 191
65 48
X
99 12
6 27
78 102
65 171
18 115
138 18
7 171
134 56
X
52 77
28 44
15 189
38 44
31 174
43 44
193 115
169 102
55 77
175 168
39 91
28 16
22 104
146 118
X
84 103
88 97
24 183
136 103
29 119
57 188
138 103
125 121
X
X
176 168
X
X
137 9
X
72 147
45 44
5 141
110 101
117 42
98 108
31 5
46 44
49 44
33 49
41 5
155 68
97 84
83 71
88 154
28 147
142 103
128 37
X
84 71
147 54
148 103
17 57
38 185
6 140
64 72
62 180
88 109
32 186
154 103
138 100
91 25
50 44
52 44
137 75
149 8
X
X
91 133
111 73
166 103
44 123
88 110
81 44
57 21
X
142 90
X
174 154
175 103
143 44
177 109
132 168
83 83
48 52
73 147
121 39
85 83
57 109
65 120
87 83
13 45
X
153 180
57 24
139 83
33 66
87 97
X
145 188
131 62
57 77
143 83
163 152
31 110
167 183
78 58
X
139 156
141 95
181 120
177 83
90 41
X
28 50
178 83
49 5
5 178
180 83
64 5
7 84
37 54
48 108
X
64 77
103 25
94 193
135 138
62 97
146 123
75 119
70 125
165 82
71 8
66 74
X
75 160
X
85 161
38 114
26 45
8 84
9 84
80 127
157 101
149 169
145 118
178 27
27 45
101 108
68 45
167 4
75 98
177 168
142 39
44 162
65 77
140 156
117 25
148 6
90 147
159 156
61 155
10 84
90 182
X
81 77
103 162
174 156
178 168
35 147
X
109 122
120 124
25 134
70 45
78 145
183 103
189 77
42 116
70 75
187 168
86 21
76 45
180 54
57 181
186 103
190 75
X
7 104
64 180
37 147
58 135
36 49
102 88
92 177
77 14
38 147
77 45
190 171
7 119
X
116 140
175 163
46 84
146 18
81 49
81 45
71 128
138 75
71 88
127 45
84 98
13 46
X
50 51
128 45
8 104
51 147
20 21
109 88
115 6
X
12 139
11 88
28 148
49 84
X
77 98
65 180
121 140
14 140
9 104
82 49
47 110
136 123
52 51
61 93
140 77
180 156
29 189
130 45
180 50
138 45
X
8 100
X
X
122 110
84 76
X
21 104
X
29 104
50 84
20 167
145 59
24 134
196 32
112 190
105 191
108 123
X
34 104
X
71 135
51 84
X
139 45
X
144 194
66 77
52 84
104 147
87 109
X
36 104
14 102
9 131
149 75
95 62
X
131 110
140 45
67 180
96 156
141 45
45 104
17 169
150 75
13 136
170 133
180 92
75 7
53 84
141 162
105 68
56 165
170 123
125 10
44 10
142 45
92 93
33 7
133 148
12 151
56 84
59 6
2 21
X
143 45
55 147
60 84
7 46
27 139
8 46
108 157
140 75
X
12 107
172 47
117 38
12 149
27 51
170 87
163 174
63 176
136 16
77 100
103 49
43 124
186 156
83 84
75 180
25 169
24 185
50 150
46 104
9 46
11 93
47 104
128 71
X
76 37
106 49
188 39
10 46
32 19
196 95
145 52
166 102
158 41
121 162
84 84
99 113
53 100
8 102
X
48 104
89 1
76 180
18 169
84 104
X
X
70 165
3 43
196 30
90 104
134 190
86 84
87 84
131 42
63 168
79 77
24 46
X
26 83
28 46
37 169
52 150
48 169
30 186
179 53
55 120
89 33
93 84
120 104
X
113 6
X
136 167
12 85
44 46
86 72
80 77
121 104
X
7 167
93 112
175 154
34 136
4 146
19 169
146 21
192 39
9 168
15 27
69 46
37 138
163 109
124 31
X
79 46
X
168 48
104 123
96 165
122 104
X
75 137
132 110
59 1
80 46
123 104
109 131
63 128
191 179
84 88
176 83
77 80
X
107 58
74 157
168 87
155 42
123 26
86 102
171 8
X
82 46
X
77 180
130 27
X
34 189
41 2
129 51
152 184
107 84
179 105
61 147
139 104
77 189
102 6
101 27
95 138
40 196
139 14
57 107
X
124 46
112 36
168 75
X
78 180
158 49
68 44
X
142 104
171 48
172 162
X
62 147
122 112
19 60
182 122
17 167
81 58
53 5
X
186 155
112 131
10 132
4 123
X
X
106 77
178 92
110 57
56 169
X
148 104
87 145
75 122
110 177
51 90
X
120 131
133 110
X
188 8
156 49
126 46
12 105
X
26 117
110 85
X
X
126 131
74 147
53 139
X
34 103
185 75
21 147
65 72
130 46
24 139
109 148
177 154
X
103 27
168 46
5 171
134 75
86 169
132 131
173 46
54 102
181 184
74 27
190 46
145 32
X
X
50 171
167 190
1 22
191 46
88 147
77 145
23 182
137 99
25 185
41 196
89 147
154 104
77 57
84 141
157 104
108 84
169 103
192 46
193 46
175 162
16 152
77 150
182 39
X
79 180
16 105
13 131
141 75
78 150
151 37
20 166
194 46
138 110
91 120
126 121
1 93
155 38
19 103
71 150
10 47
2 132
59 128
97 111
X
8 120
81 4
179 102
67 34
109 84
104 111
13 76
14 67
110 84
X
68 191
X
160 135
27 53
53 182
35 31
36 73
30 47
51 27
X
172 178
100 154
30 105
22 139
141 81
151 43
147 188
119 162
X
88 169
27 47
184 28
35 105
45 105
105 180
125 27
X
7 112
107 180
148 68
125 84
126 84
101 154
1 179
X
X
X
29 47
158 15
75 157
104 33
21 60
30 195
130 180
4 132
175 131
88 102
94 40
41 47
128 84
112 142
X
26 185
116 51
49 163
50 164
150 21
117 162
47 47
154 176
75 105
94 93
161 138
X
76 105
39 17
48 47
118 92
180 186
107 13
189 192
181 69
36 169
X
182 186
1 40
50 47
169 30
76 157
66 6
52 47
154 84
86 113
4 21
67 16
136 129
121 76
6 132
98 147
161 84
107 187
47 50
54 47
77 105
118 95
139 177
94 197
91 157
92 133
10 112
137 22
78 105
175 9
9 132
41 19
23 185
20 152
42 82
90 109
185 77
46 85
109 157
85 30
98 7
76 47
51 52
145 134
71 3
105 154
74 100
122 121
116 177
49 85
X
112 179
90 8
101 193
178 120
X
184 137
134 148
X
87 18
165 74
67 35
4 163
138 180
174 164
X
110 157
42 86
181 102
152 182
147 19
189 76
84 105
178 131
67 105
72 190
11 13
126 50
55 175
100 165
174 157
139 180
X
43 94
79 136
39 175
85 105
183 50
97 52
103 51
183 196
23 15
87 105
53 85
99 130
78 47
81 47
93 129
X
3 161
103 47
182 25
41 86
179 76
25 191
6 48
X
X
104 47
103 111
X
118 191
X
132 169
107 77
180 157
14 38
162 21
105 47
88 145
109 187
108 77
135 177
78 127
71 191
X
121 107
98 88
105 73
89 105
X
90 105
106 47
123 105
161 42
X
4 76
49 47
136 148
115 47
89 145
191 52
71 131
93 85
119 47
127 27
41 7
139 105
150 169
91 189
74 57
124 47
39 144
161 170
75 178
X
37 171
17 26
180 48
99 147
142 105
136 77
52 163
54 163
150 17
177 70
190 50
42 133
X
183 186
125 47
97 189
169 47
126 28
90 145
135 175
191 186
33 98
94 85
148 114
64 175
176 97
X
64 121
161 96
148 105
105 189
20 17
103 64
178 20
X
X
173 47
192 186
31 51
187 102
35 135
183 105
194 47
148 95
73 128
25 40
186 105
13 10
X
32 185
122 154
X
119 193
60 3
41 83
15 48
95 85
63 163
29 106
X
12 89
X
X
X
137 145
31 106
168 63
95 25
160 169
49 158
103 182
173 142
157 12
62 6
107 85
131 112
121 144
42 48
X
132 165
67 132
141 41
128 30
X
132 188
54 52
66 72
133 165
X
10 28
83 70
34 106
124 149
X
47 48
104 132
26 78
74 163
120 145
76 48
119 191
178 39
78 48
116 176
61 146
142 145
109 147
110 132
150 158
69 6
X
32 26
110 147
88 112
118 84
130 62
81 48
X
128 183
103 48
91 131
114 85
62 163
31 195
41 17
128 191
106 48
115 48
118 85
75 108
X
75 175
124 85
69 103
36 106
149 94
X
111 132
141 72
91 112
X
22 140
X
66 106
X
69 2
141 175
124 182
115 86
194 186
142 54
54 106
X
121 145
193 175
83 90
119 184
109 100
X
X
174 52
65 182
178 4
36 147
3 179
58 138
193 189
51 158
137 104
X
108 39
76 31
157 15
128 85
6 46
X
4 164
72 185
55 106
27 81
134 191
191 2
195 186
91 173
69 74
140 96
126 48
141 180
56 106
129 163
57 106
162 169
181 27
60 88
129 48
70 106
120 193
159 52
98 52
148 165
170 48
78 106
63 11
152 165
169 142
5 149
X
X
33 152
X
147 184
141 93
183 48
155 85
85 164
8 149
112 147
X
189 130
79 27
X
102 106
48 110
50 78
6 49
126 51
103 106
110 189
73 185
55 78
26 49
74 158
71 74
8 76
56 78
184 38
163 169
70 86
86 196
64 96
104 106
24 140
48 164
120 132
99 8
105 51
71 72
158 63
167 177
X
148 164
27 49
92 91
X
78 81
20 187
62 127
22 135
106 32
159 133
17 47
X
176 59
X
160 130
9 11
134 72
126 8
X
100 149
162 12
123 106
144 103
X
32 89
126 132
57 78
141 196
167 60
111 76
183 31
142 106
79 158
X
28 49
79 39
143 106
X
108 32
X
148 170
X
109 77
140 83
110 55
146 52
151 41
120 147
31 49
11 149
194 80
92 112
32 49
88 158
147 150
145 106
X
26 165
X
29 187
144 123
143 57
151 164
86 104
X
155 82
168 61
96 164
X
X
133 147
X
110 32
161 106
X
179 154
121 78
55 113
34 49
49 7
124 124
X
X
151 181
35 49
2 176
151 165
X
132 132
X
165 169
88 29
21 84
28 40
148 181
37 49
161 134
91 129
49 28
11 76
40 172
66 180
X
75 106
182 101
21 152
X
81 143
X
48 166
188 114
143 147
X
154 145
8 60
X
53 47
38 49
41 49
138 169
74 3
168 56
185 151
33 185
22 152
162 106
161 85
88 170
X
166 171
X
175 169
84 136
163 106
6 102
164 85
45 156
136 146
21 102
68 115
61 144
55 7
169 106
91 108
180 122
87 162
47 49
X
176 61
170 106
66 49
68 59
171 106
X
67 49
180 154
143 36
164 86
X
194 30
X
12 76
88 123
192 14
40 86
168 65
121 77
89 176
53 33
90 158
178 169
103 152
12 175
51 146
134 77
105 101
172 106
88 104
152 137
X
52 40
23 61
82 44
146 120
69 93
45 86
X
149 6
77 49
162 74
179 72
160 52
139 103
55 33
14 133
161 189
79 49
86 27
146 147
181 179
76 189
74 185
X
183 154
161 78
77 29
72 127
80 49
X
52 154
104 49
X
56 155
157 145
78 126
161 124
105 49
88 7
X
65 118
159 124
178 69
1 176
X
135 77
10 48
4 148
51 140
126 49
40 170
63 159
74 161
46 86
66 37
167 6
X
163 115
56 86
40 194
138 162
170 110
184 37
20 153
184 151
189 106
38 196
16 107
X
X
103 88
129 49
X
190 14
60 86
29 107
55 144
X
148 168
187 169
75 86
120 56
65 117
190 115
169 132
82 138
33 182
X
76 86
134 171
146 132
82 86
31 107
83 86
X
188 165
148 78
189 79
X
17 55
133 132
X
53 27
44 70
14 53
56 164
53 140
28 141
X
114 86
152 49
12 148
127 122
186 154
129 1
180 178
122 86
128 63
X
137 77
56 166
168 52
42 121
100 88
X
X
X
119 187
40 116
153 49
45 107
143 40
161 167
X
X
103 176
X
146 77
X
X
152 53
74 166
123 86
155 49
125 86
134 138
54 107
75 161
27 140
25 136
136 177
26 170
27 173
X
138 177
114 28
79 177
180 77
8 73
16 53
57 140
48 168
164 161
66 17
71 189
155 193
16 155
51 54
149 78
26 141
151 177
X
70 20
86 29
25 148
157 49
159 49
95 97
X
40 165
87 149
56 168
134 132
X
77 51
X
160 49
43 126
147 38
67 168
29 97
34 192
91 158
70 164
10 146
X
143 180
X
143 191
X
31 170
101 17
13 53
X
147 182
21 153
77 107
126 99
169 145
183 30
169 49
144 180
69 131
3 137
134 54
110 17
116 47
91 107
68 116
75 185
113 141
29 114
121 185
135 132
92 107
165 177
138 22
24 25
150 180
29 148
159 169
128 47
144 148
8 123
179 104
X
126 86
191 77
110 162
153 86
186 88
69 75
93 107
182 104
62 145
183 49
167 192
194 49
153 54
101 5
95 33
52 158
X
14 76
189 115
154 86
X
64 51
155 86
97 107
145 196
58 140
84 86
76 161
73 190
22 150
X
41 4
52 176
56 75
X
115 24
16 175
31 50
X
103 158
98 107
12 181
170 177
102 107
187 104
169 181
163 118
161 86
54 14
56 118
70 48
104 107
33 50
22 87
160 107
34 148
191 86
192 86
156 156
23 166
193 88
163 107
176 118
30 32
159 106
X
193 86
X
172 107
144 191
119 50
39 19
15 108
193 118
38 50
73 162
41 50
42 50
190 79
X
130 153
16 108
154 180
43 50
121 158
62 8
159 54
44 50
X
195 5
111 34
69 50
97 50
23 168
X
11 78
21 150
120 13
68 175
110 15
175 170
36 54
98 50
32 170
194 86
103 50
30 108
98 14
132 103
155 180
36 18
112 150
36 148
X
40 144
189 104
69 138
138 91
124 80
56 5
147 91
127 50
128 50
60 163
24 78
X
55 108
X
111 147
133 141
64 8
187 170
23 24
180 124
34 190
136 132
148 18
130 50
147 158
21 87
X
78 108
187 18
X
X
152 50
85 81
X
30 170
41 44
27 116
56 108
X
71 148
80 16
156 61
122 108
51 40
61 176
148 106
X
157 193
38 169
X
33 195
167 181
145 57
111 170
182 48
7 146
31 87
83 164
99 153
97 19
28 121
147 132
156 180
189 8
138 112
1 163
171 46
X
X
14 55
168 26
X
2 133
37 87
120 158
102 152
152 86
X
160 50
83 46
30 98
164 158
X
169 50
165 158
93 108
127 171
5 103
174 158
126 1
16 55
48 170
124 109
54 68
38 87
78 56
X
135 103
120 108
20 124
6 154
X
61 4
55 150
172 50
3 133
X
155 14
39 87
168 72
98 148
89 149
27 171
124 108
190 168
64 163
137 16
13 73
179 185
6 51
49 87
53 87
52 171
10 51
16 51
87 32
136 108
146 191
122 158
56 170
123 154
X
32 187
183 109
X
155 196
11 9
128 2
190 156
X
107 74
170 60
55 52
21 155
37 51
172 53
137 108
26 119
165 180
138 108
17 51
X
167 180
X
91 40
74 162
X
75 162
14 93
135 130
26 51
30 29
183 180
32 51
X
100 148
98 67
128 31
183 152
69 105
53 35
188 18
194 118
76 87
163 108
34 51
155 3
X
188 78
120 148
63 51
119 143
175 108
71 6
130 154
54 171
123 170
31 155
53 54
X
107 87
29 109
127 87
64 190
31 115
191 87
X
80 56
91 51
25 78
189 126
X
136 171
97 81
114 83
194 87
33 91
145 20
5 133
51 78
180 94
137 173
35 32
8 154
92 140
120 151
195 118
91 180
115 49
49 109
188 118
4 77
31 109
X
183 185
10 154
111 149
124 89
7 88
39 70
92 51
55 35
5 101
194 180
184 27
54 109
8 88
40 166
16 177
40 164
27 73
25 181
143 55
9 88
X
31 54
X
104 108
6 133
98 189
37 88
X
X
X
187 167
39 116
98 51
125 51
151 171
45 2
53 78
170 31
56 88
12 133
185 138
79 74
X
77 39
128 52
180 177
59 160
176 81
151 180
151 169
75 109
186 73
X
4 41
X
97 12
1 161
160 51
170 51
125 148
72 88
171 51
4 119
76 109
9 128
100 173
115 95
77 109
175 158
6 52
158 29
51 187
186 100
X
187 171
9 150
82 88
7 52
65 172
84 17
130 52
78 174
78 109
54 78
67 172
125 52
X
39 192
40 87
183 123
177 27
33 181
118 144
135 100
29 116
103 153
83 88
61 1
154 49
126 31
89 109
34 181
X
66 176
111 140
X
105 36
68 176
X
X
18 119
13 72
63 6
160 78
X
147 161
100 172
8 52
99 88
38 63
117 167
27 76
X
166 172
179 158
X
99 109
X
104 109
109 159
6 186
124 45
28 76
101 28
121 109
X
9 52
153 181
114 93
154 56
112 140
112 189
124 170
107 88
52 120
187 172
126 172
88 167
45 6
193 93
35 75
70 50
181 177
28 146
X
13 74
13 132
89 154
10 52
13 52
X
87 167
144 105
177 96
X
X
84 164
5 151
125 170
194 52
108 88
186 102
18 133
127 88
X
181 121
189 167
180 36
147 191
17 52
125 109
25 52
25 149
126 170
176 82
31 52
92 182
171 7
8 15
28 149
171 181
108 111
168 176
33 52
90 52
57 191
X
21 156
90 180
X
126 109
X
43 133
64 145
158 56
92 52
192 38
86 120
158 129
140 154
X
X
121 194
127 170
131 109
X
171 53
55 119
86 190
119 48
X
8 151
17 166
23 83
182 177
157 1
189 193
X
35 181
168 31
115 52
6 22
52 195
132 109
34 143
70 57
132 170
173 196
190 172
151 28
41 98
24 124
71 149
140 16
6 146
170 33
117 140
77 119
138 109
40 37
142 52
X
142 42
190 118
147 88
X
169 194
25 83
156 177
147 52
86 164
109 190
143 150
88 149
101 12
X
183 35
138 170
X
122 29
84 89
133 140
49 187
98 149
X
146 148
44 76
29 146
81 34
148 88
117 8
172 109
147 170
X
148 52
X
180 158
92 54
172 52
148 54
19 18
151 170
66 75
44 133
34 146
82 74
X
161 169
118 140
187 158
119 140
45 133
189 80
99 149
X
150 88
X
36 181
X
162 78
X
152 54
121 38
129 159
25 53
175 139
137 154
164 169
145 64
175 109
X
13 128
87 120
29 7
X
120 149
X
157 8
67 159
74 159
32 155
X
33 29
60 1
171 120
31 97
158 110
190 49
190 18
62 1
43 85
151 88
146 53
135 9
167 88
26 53
159 170
86 170
63 1
51 14
42 37
13 188
31 53
65 1
30 150
78 38
151 18
33 53
108 74
2 41
98 5
191 193
176 109
54 67
178 109
145 22
104 175
55 53
38 53
123 153
13 176
36 173
90 53
179 27
146 105
95 159
38 69
121 74
37 181
187 88
192 177
143 39
26 181
160 54
182 109
120 140
66 1
38 181
76 107
96 159
72 57
195 130
125 149
188 88
194 179
133 149
168 132
75 1
40 173
90 1
91 1
10 89
34 17
133 58
42 19
66 114
40 161
41 46
146 23
130 1
126 45
154 135
176 132
10 2
11 2
14 89
4 121
180 105
34 109
18 188
120 67
137 140
19 153
7 110
151 178
21 100
169 107
12 2
164 172
17 78
166 167
46 2
132 104
92 53
29 110
177 130
184 196
192 78
48 2
12 69
30 110
128 189
49 2
42 181
169 58
169 140
176 158
63 177
86 197
100 5
11 151
123 57
93 67
35 110
180 191
172 49
95 53
67 133
20 116
64 2
139 72
66 2
36 110
54 110
50 187
53 173
137 149
93 119
98 53
23 18
176 106
79 2
177 140
68 117
143 80
167 28
51 124
38 112
104 133
51 18
115 53
52 67
15 89
81 2
83 2
49 150
185 165
50 151
87 2
116 53
78 98
67 157
152 90
143 53
148 53
55 110
192 41
89 2
146 149
10 14
24 18
133 42
99 110
91 2
126 2
176 92
105 127
41 88
160 8
130 2
78 129
43 181
104 110
187 140
88 120
149 18
195 57
138 119
36 185
156 196
16 89
106 127
160 53
155 2
169 144
183 177
168 53
53 181
158 120
41 10
50 77
175 8
92 176
148 131
55 181
165 2
181 2
37 89
56 89
6 141
52 187
57 89
132 171
108 110
130 159
86 10
182 2
112 110
58 89
139 173
5 174
192 2
184 191
148 21
191 130
15 106
19 186
173 53
63 48
194 2
127 174
195 2
51 144
13 192
80 58
71 89
164 170
12 3
49 3
53 3
188 137
124 110
160 120
159 110
54 3
55 3
78 49
29 121
176 170
63 3
112 175
185 89
29 118
174 53
15 133
65 3
48 154
76 89
13 54
32 54
79 3
34 54
175 6
112 133
105 60
52 76
142 31
35 54
177 170
49 191
120 133
81 3
58 59
27 74
179 77
4 42
83 3
47 54
65 121
87 197
167 46
138 121
127 120
27 87
123 108
69 115
87 3
192 35
143 189
8 62
18 176
12 176
173 12
81 89
62 3
67 32
160 110
55 104
139 74
89 3
78 60
91 3
6 183
49 189
126 3
131 159
160 29
54 147
69 40
28 41
55 54
126 47
7 111
55 76
77 54
115 27
181 95
17 80
100 176
83 45
78 54
128 3
130 3
182 3
75 131
193 3
42 113
192 170
5 117
133 114
85 71
163 78
141 76
150 185
167 195
96 14
16 46
195 3
99 176
53 124
46 106
124 13
13 55
123 60
174 10
61 181
64 76
51 55
102 172
79 54
10 4
34 185
52 151
11 4
14 141
92 89
49 4
131 58
80 54
147 189
53 4
43 112
76 39
59 4
81 54
100 18
64 4
93 136
33 95
121 133
66 4
50 190
36 146
112 38
69 4
10 111
91 111
66 177
19 156
82 4
83 4
95 99
189 19
98 111
191 56
41 147
48 55
193 78
156 142
34 155
91 197
100 111
174 28
87 4
102 176
131 40
12 104
93 89
88 4
47 51
88 54
20 188
126 4
127 4
66 20
68 121
129 4
88 32
89 54
104 131
130 4
112 111
41 166
6 171
68 177
132 159
155 4
22 28
122 111
58 134
158 4
95 54
110 18
13 135
87 164
123 133
42 166
140 160
96 54
3 163
66 181
122 56
33 56
165 4
108 121
28 134
39 146
21 9
173 190
63 188
166 4
44 37
176 79
48 106
7 16
133 159
131 111
137 177
164 159
140 9
165 178
172 65
15 192
182 4
97 54
134 39
93 25
68 181
131 114
133 111
98 54
157 146
194 78
94 89
144 54
11 79
35 185
191 4
16 179
6 153
133 146
151 182
63 155
158 104
164 78
93 80
179 54
193 4
114 84
195 4
18 5
106 38
80 36
193 193
179 106
187 159
165 86
17 179
29 160
86 158
160 36
77 32
125 89
98 90
20 5
51 171
147 20
36 56
101 176
171 61
22 5
18 179
46 41
96 30
23 5
30 160
172 6
167 189
53 171
29 5
22 141
66 76
11 40
30 5
88 10
191 177
122 151
32 5
160 190
126 89
43 166
148 158
55 179
55 171
188 66
138 183
74 1
56 171
8 153
182 106
64 116
26 79
44 166
192 158
138 111
46 108
108 171
4 93
123 171
120 121
173 65
31 55
15 176
159 104
23 141
128 89
196 93
105 186
121 121
33 5
129 89
60 59
33 55
54 5
177 108
124 84
2 194
16 80
65 14
55 47
55 5
160 192
175 97
93 197
59 5
65 6
105 179
8 112
35 155
132 100
32 160
36 55
66 5
47 55
127 109
113 149
67 171
79 32
168 60
10 153
73 166
9 112
168 121
114 179
183 179
180 81
96 166
106 140
123 174
39 112
41 155
108 38
173 189
89 112
193 96
136 127
132 154
158 127
61 180
97 83
55 55
77 55
81 55
181 196
145 18
8 110
13 178
68 180
69 5
137 89
173 61
103 141
167 178
123 176
13 47
102 173
125 133
52 153
33 160
81 56
159 96
148 90
38 29
183 136
105 55
75 165
170 178
108 73
126 133
54 50
148 55
90 112
124 176
180 195
152 55
10 50
99 5
160 55
155 5
135 171
13 56
64 189
54 187
74 29
139 89
94 195
17 56
181 186
42 155
87 30
162 191
140 180
178 122
168 74
156 5
157 5
31 56
97 112
81 29
140 89
159 40
83 49
148 133
142 180
140 80
93 183
158 5
149 89
191 170
107 162
27 129
30 74
122 28
164 5
25 141
179 108
181 5
159 38
44 181
89 170
174 32
182 5
152 51
15 42
4 174
32 56
100 166
10 6
191 22
103 112
141 197
177 132
23 6
70 56
117 41
189 165
178 158
160 133
147 9
64 49
29 6
31 6
188 36
69 171
104 89
33 6
41 6
34 56
66 7
52 117
151 136
104 112
49 6
159 171
53 6
28 171
112 112
17 123
137 171
157 3
146 117
26 87
194 82
146 166
56 6
33 127
10 113
70 6
72 56
122 74
72 6
114 6
76 1
35 56
77 56
113 10
4 192
50 113
66 182
165 89
150 6
56 20
173 6
88 94
169 53
37 56
54 113
151 6
105 181
94 81
125 176
165 76
188 89
105 182
38 56
138 171
164 6
165 6
42 74
152 18
161 38
123 160
16 119
191 178
166 6
88 125
50 79
95 51
74 189
23 192
12 150
20 190
52 79
179 83
56 113
23 183
117 10
4 190
119 58
178 123
23 7
70 59
16 178
161 133
147 171
191 89
31 7
68 56
110 176
66 36
126 183
87 20
99 164
56 7
88 113
69 7
97 190
151 93
170 74
86 7
87 7
8 13
69 56
79 76
180 180
169 46
92 113
25 150
14 131
56 68
71 56
89 7
97 62
148 59
90 7
107 181
102 7
76 160
126 176
194 89
67 155
110 188
51 141
117 7
183 184
151 7
175 7
73 56
52 124
123 172
18 178
86 168
91 89
107 124
20 148
44 182
74 56
85 56
181 194
49 10
152 171
183 25
13 90
15 51
87 95
56 187
86 56
189 174
33 192
17 8
153 171
23 8
181 108
122 109
150 77
182 50
52 101
31 192
88 56
93 69
177 123
31 147
89 56
93 113
164 171
63 8
170 183
108 124
69 8
51 30
51 154
191 194
87 56
130 181
121 41
70 8
127 176
135 176
42 70
98 159
16 90
86 8
141 176
148 145
105 56
49 104
163 172
181 83
88 8
29 139
112 39
97 113
105 99
98 8
180 38
127 8
56 79
98 113
117 89
5 190
112 113
90 54
151 8
3 184
155 8
10 110
133 56
53 88
119 57
40 115
85 84
104 101
90 51
33 186
37 90
148 77
151 176
141 56
84 140
148 56
162 19
74 91
38 192
57 79
46 62
131 54
40 124
21 26
63 180
156 8
158 8
135 121
77 186
152 56
134 188
29 136
68 57
6 184
41 146
159 8
72 59
20 9
33 88
32 64
187 156
11 176
52 90
22 9
23 194
13 181
23 9
86 9
34 184
50 125
72 189
54 115
193 59
71 90
88 9
167 197
160 56
113 9
76 90
81 90
117 9
53 154
101 189
120 9
124 113
121 9
160 74
146 145
100 14
127 9
52 155
94 133
168 133
65 46
164 56
100 134
125 113
26 194
165 56
138 9
139 9
65 16
18 134
54 195
59 7
145 102
126 113
126 174
141 9
151 9
36 139
82 90
95 23
193 113
155 9
109 169
122 80
13 57
105 58
86 195
171 75
157 9
14 57
34 27
25 46
20 186
194 113
85 57
89 120
115 167
137 174
122 23
9 114
103 163
52 141
87 57
152 92
160 18
89 57
10 114
28 150
160 9
148 9
171 9
61 11
61 177
43 3
6 10
138 77
105 57
29 150
51 47
24 114
7 10
170 26
28 42
138 181
68 114
190 47
144 181
137 15
183 39
93 79
25 114
27 114
142 57
144 57
55 155
171 18
120 10
51 150
139 174
158 39
100 175
140 184
168 102
116 89
111 110
170 39
29 186
11 10
155 57
48 10
195 59
157 57
11 11
123 74
106 76
28 114
89 155
74 89
67 102
103 160
125 124
50 114
24 28
89 10
159 57
160 57
94 90
164 57
15 190
53 23
63 178
57 187
56 114
178 133
63 114
18 191
81 126
33 105
123 10
67 114
44 49
22 134
124 10
16 137
64 192
26 120
134 76
191 57
5 58
18 189
126 10
58 61
177 26
135 10
147 166
60 61
30 194
56 134
145 114
158 2
68 192
9 2
6 58
176 154
77 34
40 63
105 160
114 90
143 197
127 84
7 58
8 58
19 167
180 119
53 141
86 122
126 124
48 156
147 181
38 27
176 155
26 16
18 116
110 142
178 172
127 90
94 79
141 10
56 58
146 114
72 150
175 171
147 114
156 10
143 42
172 31
129 165
158 10
159 10
182 38
193 178
18 118
51 113
158 124
189 65
10 11
39 39
42 160
123 56
160 106
12 11
57 58
100 164
49 42
59 58
193 114
66 11
56 85
38 124
14 115
72 187
138 154
82 141
168 181
41 95
24 115
159 78
73 192
61 58
184 139
56 139
113 11
62 58
29 115
50 115
5 29
181 124
129 90
27 170
34 20
150 90
52 127
151 90
117 11
186 171
85 58
66 178
68 178
87 58
148 57
168 159
192 171
182 181
29 190
155 176
24 47
23 193
23 134
77 187
89 58
51 115
30 190
24 15
153 90
122 11
13 44
170 179
40 76
182 29
6 50
169 32
133 160
165 90
170 90
125 11
54 125
8 12
126 125
110 58
99 111
180 90
135 11
60 85
142 184
88 70
53 115
183 181
63 115
136 11
127 85
166 87
138 11
76 27
97 159
165 85
139 11
178 155
56 62
48 158
3 173
155 11
147 102
125 58
64 155
193 186
151 134
45 134
125 77
33 96
124 74
143 58
72 186
157 11
160 11
98 193
47 10
57 74
88 114
148 58
53 127
138 44
164 58
141 160
99 134
181 90
108 187
5 62
90 10
182 90
84 19
176 58
175 102
121 10
136 76
171 11
187 166
131 115
111 168
177 58
158 57
5 172
95 79
76 88
132 115
118 81
187 90
188 11
152 43
49 40
34 110
110 178
192 11
154 43
117 53
133 115
112 134
145 115
6 12
178 58
179 58
56 158
55 146
191 90
100 195
31 160
106 55
13 12
148 134
74 150
85 73
191 58
23 12
164 115
154 134
66 116
104 59
102 108
78 83
24 12
25 12
5 119
197 58
26 12
94 190
5 25
27 12
32 194
189 178
186 141
83 74
106 123
192 181
118 195
5 59
28 12
192 90
29 141
66 12
31 8
176 18
61 156
97 98
164 160
139 154
42 39
191 50
149 162
8 59
135 128
80 12
12 108
168 160
42 36
113 12
188 41
13 13
34 33
53 21
114 12
115 12
116 12
151 39
12 132
191 166
160 129
165 196
65 50
61 127
122 10
89 4
178 30
85 154
172 160
137 114
23 21
117 12
132 128
173 160
161 136
156 13
97 69
44 163
136 89
122 12
79 125
165 115
137 12
9 6
16 42
6 147
73 189
193 90
122 129
56 59
161 18
70 3
140 12
110 160
58 58
150 95
191 115
194 90
155 12
160 12
171 12
192 115
96 79
31 116
97 79
28 170
4 165
75 150
85 32
172 12
6 13
62 59
83 141
109 19
195 115
81 59
23 13
103 164
169 62
166 85
85 59
86 59
88 59
124 129
59 155
169 110
42 135
127 10
42 63
88 189
150 171
125 74
27 172
106 59
174 160
193 29
28 13
157 134
91 92
39 65
66 13
16 91
89 59
175 160
10 30
142 197
92 40
108 59
4 130
33 187
194 146
3 172
34 73
101 192
83 48
183 104
78 51
109 59
31 91
105 71
32 91
100 150
37 91
42 10
77 13
38 91
104 61
142 15
63 172
41 91
140 10
8 114
107 68
168 134
80 13
146 106
106 13
121 79
64 172
150 76
104 164
34 195
46 70
72 91
111 134
85 141
95 52
110 13
124 23
121 13
182 30
123 13
110 59
132 130
187 160
5 121
34 187
125 59
142 59
144 59
64 1
30 146
194 115
179 59
137 13
191 59
105 192
45 39
54 75
197 181
170 134
129 65
53 187
140 13
24 127
106 31
53 86
55 187
73 91
191 48
191 79
104 172
93 91
155 10
38 182
56 182
166 2
159 13
143 95
120 187
70 44
175 104
188 160
121 187
47 2
57 182
60 58
97 108
6 60
7 60
133 161
162 115
22 60
14 116
54 70
85 137
103 150
146 56
188 13
3 185
184 194
98 91
125 147
171 10
31 125
23 60
169 139
92 69
53 29
192 13
137 101
193 130
152 133
42 65
175 134
16 24
121 186
36 20
23 14
123 91
61 182
131 55
147 118
170 41
53 90
14 69
165 77
62 60
68 60
28 116
170 121
125 91
110 39
28 14
106 192
152 135
102 175
52 14
61 14
69 60
64 14
192 10
126 91
62 182
188 76
158 121
95 14
32 163
178 117
108 31
4 161
113 150
128 91
172 180
111 75
43 98
194 79
54 44
74 86
41 116
197 57
49 194
129 91
106 14
71 60
121 59
63 116
17 7
110 14
120 14
105 25
43 135
192 82
109 132
67 116
56 3
166 178
66 172
122 14
106 17
62 31
191 187
33 161
73 60
31 190
141 14
42 44
139 91
142 14
150 116
162 86
160 14
53 113
74 60
104 35
88 27
193 187
23 167
136 150
99 158
116 143
100 24
188 14
105 187
140 91
56 137
79 60
37 173
156 155
55 21
131 165
137 150
163 116
189 14
107 72
25 125
112 132
160 121
80 60
142 150
144 197
55 182
59 161
97 157
12 15
63 156
98 172
28 15
81 60
158 123
101 60
7 117
39 15
49 15
61 15
86 141
52 144
110 141
62 15
112 187
144 150
197 180
99 172
102 60
16 68
166 56
7 165
168 178
67 182
186 90
148 132
89 158
107 60
118 192
101 172
63 15
48 167
23 42
6 11
179 18
77 15
152 91
194 93
100 15
19 101
165 116
120 15
154 91
90 169
168 76
56 167
121 15
44 135
145 30
124 78
187 136
162 36
165 91
122 15
124 60
127 86
169 76
15 188
140 15
161 15
60 155
177 60
193 116
8 16
125 60
195 116
155 101
27 125
72 188
45 65
11 166
51 135
86 108
185 167
92 41
4 133
167 100
22 16
145 150
15 191
81 88
166 91
118 39
39 16
123 107
74 131
167 91
90 101
177 102
13 11
67 37
68 182
52 135
175 91
49 16
91 155
22 147
176 91
22 137
25 121
56 135
55 16
50 157
24 151
191 18
54 40
159 60
160 60
91 182
68 16
158 13
140 11
69 16
73 188
125 67
4 117
96 66
180 91
70 16
151 166
14 117
50 55
11 80
166 60
118 43
39 171
77 16
147 117
178 60
78 16
183 53
79 16
28 127
191 60
138 16
162 40
68 49
43 46
149 93
150 117
161 117
139 16
192 60
25 127
130 188
46 119
40 162
163 117
150 16
151 16
139 184
134 74
152 16
104 182
179 16
96 167
122 133
194 60
38 55
21 17
33 17
154 133
63 182
110 31
35 17
110 190
155 53
165 117
137 141
94 132
38 40
176 117
6 104
145 65
177 117
53 7
107 189
11 91
162 194
193 192
19 61
44 155
67 135
16 188
151 31
62 61
16 154
25 151
193 117
169 141
13 191
166 135
73 151
105 159
71 146
12 80
195 117
36 17
101 61
4 118
52 157
165 172
158 61
172 188
193 195
30 75
49 17
167 135
135 18
77 151
55 17
67 17
21 67
172 163
14 118
159 105
117 184
160 61
115 51
141 89
175 172
182 91
7 173
70 17
56 87
166 101
122 145
102 17
188 91
67 161
167 61
145 17
179 61
112 176
111 187
68 194
27 127
14 188
54 157
129 164
101 191
13 179
146 17
65 156
103 143
47 3
50 127
155 191
176 172
143 52
19 165
26 118
143 195
28 80
158 155
6 62
169 135
152 17
176 17
1 92
170 76
7 62
41 195
97 167
43 66
144 31
124 133
133 164
19 62
157 133
166 83
38 62
136 91
105 34
191 188
100 19
156 191
11 92
179 17
108 55
22 18
93 83
98 167
67 134
189 157
34 18
136 105
60 87
11 142
16 92
177 172
127 113
39 18
39 62
49 18
50 18
41 62
149 90
71 92
94 92
170 135
52 18
141 74
87 157
54 18
77 59
55 18
192 9
43 156
70 18
57 118
49 88
43 62
39 67
167 86
61 162
44 44
180 52
103 149
92 118
102 18
176 157
171 188
137 152
1 43
93 118
186 172
106 18
28 136
135 113
87 59
158 18
42 5
145 197
109 118
23 16
114 164
45 62
57 62
63 171
159 18
45 136
59 62
93 181
121 192
130 155
110 118
91 62
92 62
5 192
134 20
42 67
143 59
13 51
124 87
101 92
126 179
166 104
57 76
169 18
170 18
172 18
158 105
193 127
36 149
117 27
111 118
30 193
173 18
32 192
112 118
110 112
115 175
193 180
177 18
75 121
144 118
158 31
54 20
145 131
169 178
137 176
69 194
65 168
161 31
94 62
128 192
15 76
57 33
12 141
178 18
178 154
101 62
103 92
99 167
120 39
50 80
73 161
192 18
53 120
88 53
150 118
168 41
161 118
139 176
19 191
162 118
120 144
8 147
122 31
52 147
86 17
133 128
134 168
114 80
78 151
77 161
188 172
37 74
70 194
162 82
171 178
193 18
4 91
136 141
178 157
6 14
24 19
150 181
104 92
164 118
10 140
92 189
28 169
117 6
100 167
106 62
65 106
30 148
114 95
114 178
34 19
152 176
165 118
70 19
156 62
101 190
62 62
146 165
104 134
98 19
170 89
73 86
77 12
132 155
191 129
139 94
10 165
120 191
63 192
45 5
114 92
99 19
3 91
101 19
55 117
138 92
51 80
141 92
191 118
152 39
192 118
119 195
49 192
48 5
26 114
133 150
188 100
147 92
57 22
24 136
136 74
158 62
14 119
57 192
102 19
79 178
12 146
106 19
34 138
154 92
13 142
100 151
138 105
137 155
42 123
149 88
121 149
13 43
106 182
179 92
160 62
107 19
175 11
167 31
17 188
60 158
93 138
156 176
99 17
65 8
74 96
45 67
108 19
15 119
177 72
51 44
152 57
17 119
148 146
174 31
38 42
107 182
161 172
53 32
54 136
19 119
53 191
108 127
7 14
138 19
165 88
36 172
86 192
190 35
189 39
103 151
176 62
145 67
189 172
20 119
90 123
40 112
193 142
113 24
178 35
42 119
43 119
28 125
181 92
47 119
145 19
152 19
51 119
94 129
141 59
75 134
57 119
57 193
77 157
53 176
99 26
188 92
133 103
32 31
188 73
54 158
78 119
141 177
193 129
55 32
158 19
55 136
141 57
119 151
19 6
176 16
44 119
86 119
184 141
87 119
53 44
160 19
188 151
35 51
177 62
34 149
14 142
112 119
74 87
52 115
72 166
178 62
3 95
74 93
191 172
123 110
154 136
40 128
128 68
71 4
2 93
169 19
171 19
63 147
166 88
71 71
78 161
173 19
179 62
4 152
192 172
110 163
85 99
109 167
19 63
94 192
67 131
3 93
39 142
21 62
5 173
130 192
176 19
24 17
193 19
125 119
110 167
129 192
12 152
157 136
183 178
181 101
71 87
111 167
19 188
75 3
132 192
171 192
191 8
126 119
32 8
50 75
24 20
10 147
52 80
64 93
131 50
40 142
49 8
35 20
20 63
102 131
51 20
180 2
190 41
127 119
5 27
173 194
141 195
41 145
72 146
135 119
118 47
57 190
67 20
17 152
70 60
63 93
126 37
168 197
130 182
136 119
114 89
84 20
22 63
128 180
101 111
150 20
29 94
44 96
140 155
33 63
138 182
25 45
45 135
71 194
171 76
49 86
152 20
185 136
21 151
137 119
70 93
65 11
141 119
190 178
40 69
173 33
63 158
157 135
101 130
107 35
72 93
128 190
178 124
158 20
137 148
126 70
75 29
73 93
142 119
16 73
34 63
180 5
160 20
72 60
194 88
90 167
171 20
107 192
156 154
173 20
176 20
174 76
72 63
186 136
147 64
84 93
122 130
162 155
66 158
114 166
177 20
194 178
31 152
143 119
30 121
70 120
168 119
73 63
74 63
193 20
83 77
3 21
91 118
72 194
136 131
24 21
85 93
82 73
127 111
51 21
84 21
152 82
193 2
118 193
94 32
90 148
144 182
75 63
86 93
138 93
173 62
91 63
51 173
97 63
74 32
124 130
148 93
169 119
85 21
62 159
175 133
134 21
86 111
158 60
106 63
159 93
141 90
125 12
109 133
83 161
121 193
135 173
109 35
14 179
160 93
158 21
159 21
41 194
170 119
171 119
7 73
86 194
169 183
188 119
161 21
187 21
32 152
162 93
191 39
163 93
190 119
24 137
193 21
51 22
130 63
140 181
73 194
159 63
124 91
20 118
194 119
148 166
27 137
36 107
151 22
21 6
168 135
51 136
68 119
31 118
152 22
13 15
41 142
81 32
80 142
142 181
73 148
19 151
195 119
187 22
38 51
188 22
94 194
4 120
133 130
114 167
15 179
52 173
192 22
43 158
165 176
160 63
84 142
155 194
175 93
167 182
55 101
190 101
193 22
34 64
41 179
40 15
1 23
194 56
74 80
72 64
148 149
32 195
24 120
192 182
34 152
182 93
3 183
75 64
6 23
159 74
90 177
126 182
51 23
91 23
187 154
93 23
69 132
42 87
164 74
91 64
97 16
110 169
92 64
38 65
79 12
169 74
71 132
167 158
64 3
154 90
23 151
73 6
123 23
29 120
143 145
161 13
41 112
8 150
94 64
187 65
139 164
75 177
119 154
125 23
102 8
127 23
140 183
157 10
4 94
129 23
130 23
134 23
122 13
76 150
54 173
95 64
106 64
81 1
1 24
142 183
53 179
159 154
160 10
35 152
95 140
13 24
44 6
96 32
14 24
130 64
169 197
134 57
40 174
86 114
42 120
51 24
52 24
197 182
17 9
38 183
143 64
53 188
188 152
26 193
54 179
54 24
175 76
122 132
37 137
169 60
144 64
56 24
47 120
91 24
163 155
148 64
55 173
120 161
64 159
51 120
42 7
126 97
29 188
106 187
56 120
192 5
91 122
93 24
117 93
5 75
27 94
131 192
147 89
159 101
57 120
172 176
42 183
157 60
186 104
95 24
99 24
93 82
149 64
68 120
29 137
151 167
7 75
28 94
76 92
77 120
107 120
56 179
90 183
114 24
63 160
29 45
97 100
112 186
132 161
118 24
155 195
134 105
169 188
24 181
119 24
30 94
79 119
19 125
163 75
130 24
56 70
84 161
24 65
180 39
134 24
135 24
112 120
188 90
124 132
87 189
1 25
118 51
2 25
11 38
190 116
44 94
192 159
63 179
56 152
72 152
193 5
131 65
5 193
25 65
51 195
120 11
45 108
123 90
179 60
73 152
7 25
193 126
13 25
104 152
161 174
143 190
90 173
120 120
75 163
61 94
146 76
31 119
24 42
165 181
69 89
162 195
121 120
194 32
78 80
15 25
64 94
122 76
157 143
194 95
154 70
165 174
176 76
190 195
193 60
160 13
26 42
125 120
135 120
106 15
195 60
34 107
141 120
79 4
99 25
119 25
34 65
156 120
162 130
73 65
66 40
74 65
134 42
124 183
162 154
84 94
38 194
17 137
107 119
173 197
92 174
125 183
142 94
105 61
178 78
42 77
106 61
45 7
143 65
8 26
157 120
142 33
27 78
9 26
149 65
63 45
61 95
29 105
147 94
159 120
13 88
86 142
177 145
10 26
181 109
20 33
159 173
93 64
13 26
161 83
169 65
169 176
186 65
125 145
161 120
52 136
43 183
15 26
22 26
140 14
28 26
95 158
29 26
31 26
90 103
103 161
36 105
171 72
190 65
42 75
105 26
119 26
25 66
53 136
162 120
168 120
105 161
79 121
173 188
150 160
141 55
167 26
134 101
62 190
154 94
76 81
55 188
83 143
62 35
7 113
171 26
173 26
174 26
127 183
105 152
7 27
10 27
34 66
13 77
159 94
11 84
49 54
13 27
38 66
66 16
15 77
127 11
129 45
85 155
46 64
173 195
190 104
22 17
161 94
14 27
44 137
16 27
188 120
28 168
110 161
175 194
126 27
117 24
163 94
164 2
17 27
189 120
157 195
193 176
6 185
90 193
161 77
190 120
49 155
188 175
113 26
46 66
129 156
44 36
72 66
21 27
44 115
75 66
123 161
118 194
23 17
154 146
24 27
143 66
28 27
41 162
30 27
17 121
49 27
149 66
177 194
31 66
50 27
193 50
43 48
104 142
48 7
119 152
32 110
52 27
41 40
18 121
68 193
19 121
81 136
186 66
32 17
20 121
113 8
67 136
159 157
33 184
147 190
77 27
24 121
184 136
18 165
6 25
66 121
98 173
94 91
67 121
70 166
117 186
78 27
176 146
177 32
96 63
3 139
74 136
80 27
76 102
175 94
59 158
107 71
177 94
113 147
91 110
105 142
81 27
68 20
176 138
11 177
55 114
114 91
45 137
4 95
30 33
190 66
84 27
69 121
85 27
7 11
87 27
42 17
5 26
70 121
155 190
137 11
27 95
49 195
154 142
141 161
19 8
91 22
119 27
130 189
3 182
11 67
77 121
51 137
69 106
68 36
160 15
189 100
182 138
53 137
177 93
170 176
168 33
25 67
66 179
69 86
122 78
61 13
23 86
30 63
167 161
164 154
86 121
188 106
67 137
55 67
56 67
21 8
116 163
65 35
116 8
165 197
84 137
167 27
155 142
28 174
156 190
172 27
174 27
183 27
72 67
142 194
1 95
100 133
45 157
21 28
28 28
64 15
48 171
73 67
44 95
156 15
43 162
104 173
180 190
53 195
68 134
9 130
29 28
38 28
39 44
182 118
88 121
62 95
51 28
19 115
138 152
118 91
8 118
157 137
32 94
91 121
177 142
66 3
161 137
74 67
75 67
79 137
150 161
31 105
63 95
139 152
74 28
79 28
6 26
94 67
136 24
40 62
187 137
12 90
129 183
95 67
183 142
12 67
187 142
13 70
168 161
81 28
151 137
84 28
165 60
116 67
137 95
174 8
189 142
147 95
25 49
11 139
59 130
151 95
123 173
109 121
86 28
153 95
96 81
17 133
150 19
96 33
154 95
127 67
100 28
35 108
159 95
6 138
154 57
34 125
102 28
149 28
30 87
127 91
161 95
42 62
150 28
163 95
130 183
63 162
4 151
176 95
95 13
117 67
152 28
153 28
192 156
138 173
58 62
124 67
129 67
168 28
118 167
27 96
130 67
97 80
140 152
78 100
118 86
143 67
112 121
120 69
44 62
177 76
117 80
7 26
141 91
93 22
137 96
140 164
153 93
18 152
144 183
102 92
170 28
123 121
181 117
192 142
172 161
171 28
92 138
173 28
124 121
179 28
39 29
103 60
149 67
93 109
43 40
169 189
22 138
86 124
141 121
100 147
172 33
39 143
127 52
139 96
186 67
40 29
84 74
140 173
61 192
162 192
73 193
146 121
155 39
180 35
51 29
24 138
188 67
156 121
78 29
13 190
174 197
119 163
138 122
118 80
80 29
133 192
110 77
84 29
54 118
162 96
190 67
162 152
152 183
141 164
42 41
159 167
34 188
36 109
45 41
23 67
11 68
175 161
71 134
121 142
185 74
27 138
18 186
69 49
162 121
121 80
130 29
142 29
160 167
169 121
165 155
68 179
61 143
74 134
51 41
86 105
75 179
30 28
163 96
147 75
73 150
151 21
29 138
21 68
175 92
57 194
25 15
169 28
143 29
145 40
94 22
196 96
42 96
72 125
118 83
19 19
118 41
164 168
21 24
27 97
41 97
127 173
162 167
154 89
22 68
62 143
166 155
144 29
63 143
171 189
17 44
145 29
100 13
24 68
149 29
151 29
183 183
3 176
132 63
29 161
179 183
100 131
74 97
130 163
96 97
25 68
178 121
38 68
46 68
96 83
30 66
100 152
52 68
178 76
141 173
17 122
90 154
142 83
172 28
42 158
102 97
78 122
145 145
141 52
64 143
4 153
171 138
21 34
56 151
108 113
1 162
153 29
161 29
76 46
166 173
138 20
47 9
132 163
103 97
53 190
167 29
181 190
175 107
79 122
79 29
88 122
104 97
169 29
64 114
93 122
173 138
14 80
182 190
172 29
6 174
51 138
44 165
153 179
13 177
135 98
80 143
78 14
103 28
134 192
84 68
26 184
174 29
105 97
53 138
124 97
53 18
111 175
182 92
183 107
115 163
141 147
22 101
179 19
147 40
177 78
16 116
108 161
110 122
193 146
125 97
179 29
64 7
56 190
183 190
67 138
60 62
5 98
90 197
4 73
106 50
4 162
192 29
5 30
85 143
77 46
127 97
27 136
6 30
137 146
160 139
178 170
171 122
7 87
86 143
138 164
33 162
41 164
71 93
74 101
93 123
85 68
179 30
103 147
76 32
31 127
63 47
187 138
86 68
87 68
88 68
184 190
1 91
52 164
111 122
49 188
51 176
73 88
128 97
25 51
23 34
6 139
74 126
51 139
193 97
7 174
75 138
96 68
194 97
79 179
102 68
191 192
112 122
135 126
168 62
181 96
166 134
83 136
16 174
103 68
7 30
8 30
147 93
61 188
187 92
12 153
120 122
42 40
49 30
69 3
88 190
44 98
104 68
114 10
100 92
192 183
164 173
190 77
118 68
9 30
83 138
193 183
110 138
4 26
124 68
57 139
33 30
125 122
134 110
106 143
27 84
111 138
155 192
17 67
135 122
191 160
127 13
31 153
38 30
71 152
66 155
88 105
11 168
106 74
141 143
141 122
41 30
52 114
50 30
154 93
52 30
21 63
116 10
186 167
64 191
130 68
79 161
149 68
195 97
33 153
196 97
46 65
181 123
161 195
156 68
62 188
76 28
6 98
53 30
74 30
97 194
106 179
79 30
157 68
186 68
81 30
119 28
53 41
142 143
187 68
84 30
146 122
102 24
78 46
94 30
68 47
70 135
95 30
59 156
13 40
142 40
16 48
97 30
112 138
139 81
125 80
83 68
156 122
189 68
35 144
7 98
190 68
8 98
194 183
11 69
72 135
4 149
136 112
144 143
192 189
176 80
15 69
58 139
9 98
152 21
98 30
142 41
195 183
46 69
98 176
89 173
108 34
130 30
162 122
143 41
52 69
59 162
146 119
128 179
157 192
161 93
142 30
17 174
188 167
177 196
41 157
90 190
67 162
4 184
78 36
5 191
168 122
73 139
27 98
105 27
152 169
149 30
75 135
92 190
28 98
88 69
16 104
74 188
94 69
190 51
145 143
179 80
179 122
160 194
151 30
95 69
18 174
35 153
32 87
149 164
174 155
5 184
153 30
5 123
120 195
49 89
158 135
28 81
147 143
148 143
88 98
158 30
116 80
6 123
23 84
3 25
172 110
137 113
52 191
161 30
25 147
70 162
107 121
120 60
20 35
25 84
102 69
100 191
96 50
107 179
180 76
167 30
54 164
7 123
102 98
31 94
190 74
110 140
68 136
25 42
107 69
71 162
147 57
99 157
156 63
105 98
172 30
113 140
174 30
118 69
179 2
44 161
36 174
188 154
49 166
170 72
180 30
124 69
113 138
138 94
130 69
188 156
72 162
18 123
179 79
57 85
53 174
96 67
24 123
71 136
28 45
154 143
157 69
27 75
75 133
130 28
25 123
130 191
16 70
26 123
41 70
43 70
68 46
79 138
81 46
110 179
183 143
181 30
19 123
64 95
59 85
52 166
170 143
192 30
105 153
27 123
38 31
137 14
6 77
39 31
40 31
41 31
28 123
101 195
63 31
17 43
64 31
52 70
24 119
168 91
137 98
51 163
53 70
147 67
31 123
32 123
65 31
55 70
33 123
20 104
115 179
158 3
134 104
156 179
34 123
45 123
74 31
44 75
79 31
46 123
24 141
184 195
81 31
114 175
137 138
84 95
69 70
89 123
47 123
74 81
103 123
132 191
169 48
72 65
94 31
12 14
189 141
164 4
78 147
17 53
52 86
102 70
138 95
55 174
120 41
29 76
81 141
169 38
76 162
65 49
98 31
160 21
55 166
107 70
109 98
104 31
129 46
33 31
119 70
105 31
188 143
12 4
110 98
107 31
158 137
180 155
84 72
109 31
169 191
87 19
111 31
157 138
112 31
18 177
13 93
112 98
123 31
185 76
190 106
66 35
109 123
169 138
120 123
111 179
125 123
153 52
158 107
189 22
129 31
127 123
130 31
113 98
143 31
66 175
149 31
189 143
14 191
177 141
175 105
37 135
134 22
150 31
152 31
135 123
109 171
183 155
170 138
175 78
153 31
172 138
159 31
160 31
129 50
173 31
83 162
120 70
65 104
124 70
179 31
10 87
192 31
124 98
195 126
134 113
126 23
130 70
150 164
75 65
195 145
134 70
141 123
141 150
145 36
16 191
188 170
33 51
160 137
128 98
194 31
20 32
142 123
143 123
156 123
21 32
77 188
109 110
177 138
51 167
22 32
23 32
26 191
27 42
169 192
162 123
132 98
49 168
31 120
161 110
44 179
133 98
29 32
27 168
135 70
138 98
137 70
119 153
69 119
122 124
23 184
171 123
95 137
171 191
139 98
124 145
128 153
51 32
163 74
138 70
185 143
97 110
76 34
140 70
154 137
191 165
52 32
118 90
42 124
17 124
192 143
69 168
85 162
152 41
102 100
108 167
17 191
37 144
54 32
56 32
57 32
16 103
51 51
18 73
9 99
118 163
136 18
86 109
130 65
75 32
188 10
193 188
75 174
57 87
24 129
104 144
141 70
55 195
74 99
100 16
80 32
98 32
26 169
12 142
12 5
113 27
104 32
98 68
112 32
132 113
105 162
192 52
38 144
52 168
83 81
92 43
78 146
189 195
167 194
7 77
107 86
179 70
181 70
186 138
28 124
157 53
41 96
139 76
158 32
81 142
78 99
84 99
187 165
4 139
52 167
5 139
8 77
4 71
50 192
141 194
112 34
31 124
76 176
76 174
45 110
161 32
88 99
108 170
10 142
169 27
5 71
167 32
76 5
42 43
34 124
172 46
103 142
104 162
44 124
55 168
30 73
172 32
178 32
190 102
84 81
75 147
103 124
179 32
64 144
122 26
104 24
77 174
101 63
13 139
176 197
192 32
159 42
105 188
106 162
193 32
17 5
195 32
35 184
106 124
23 191
121 124
133 105
113 179
23 33
90 189
156 124
157 124
33 54
104 174
99 99
29 33
135 174
162 124
28 72
6 71
51 33
122 25
129 153
93 140
67 33
54 55
190 166
105 144
7 71
118 162
119 186
178 16
74 33
36 50
122 162
124 179
149 118
76 33
11 77
103 99
8 71
81 86
141 174
81 140
3 141
81 33
16 71
143 54
112 188
85 33
93 65
59 87
104 99
71 138
120 126
182 124
41 29
187 141
121 152
87 33
64 71
183 124
97 33
17 125
71 106
170 192
106 144
138 96
65 71
131 153
29 98
98 33
112 33
14 139
57 35
135 144
92 197
143 33
144 33
107 59
132 153
184 142
145 33
145 116
3 178
84 143
158 33
109 99
159 76
11 89
117 95
38 115
159 33
18 125
87 155
77 122
195 113
160 33
161 33
42 15
55 23
153 84
119 145
125 179
133 144
125 76
25 139
182 27
23 65
156 194
93 131
87 146
123 162
61 130
178 95
167 33
39 147
16 106
32 125
172 10
124 180
171 33
22 34
51 34
38 184
69 71
75 80
188 117
102 71
149 92
111 99
24 79
149 166
98 165
124 71
32 108
26 139
50 88
162 190
159 174
74 4
125 71
28 139
143 68
106 60
2 192
104 158
79 157
103 180
122 85
155 84
16 72
52 88
127 71
90 184
140 153
71 75
148 160
161 116
98 156
69 72
181 118
74 34
33 125
196 183
156 57
54 126
83 72
73 138
52 125
128 188
67 46
90 146
85 157
116 144
73 125
113 99
74 98
25 129
171 139
75 34
85 34
87 34
65 75
155 70
52 55
70 91
66 15
53 192
34 194
117 144
89 34
124 99
56 192
87 35
23 35
129 71
169 20
74 125
91 184
93 62
187 20
129 188
86 81
55 15
62 177
130 71
139 162
160 174
76 83
145 195
147 164
116 68
165 194
130 25
106 73
51 35
152 164
63 35
64 35
79 1
76 4
68 35
162 174
173 139
85 35
134 71
136 71
67 40
86 35
139 71
166 174
40 36
88 35
152 88
128 99
92 120
141 71
80 125
38 67
89 35
132 99
154 71
173 141
144 120
102 89
167 3
81 125
87 81
172 192
16 67
46 67
52 139
86 125
44 43
100 91
112 35
176 134
125 35
111 98
157 71
179 109
156 153
179 71
102 91
181 71
4 72
126 35
8 72
64 177
127 35
128 35
179 35
134 99
17 72
68 139
191 10
188 35
134 100
87 125
70 46
134 98
191 37
189 35
54 139
55 139
87 72
11 36
53 36
12 36
130 161
118 67
60 8
122 144
20 36
129 179
157 153
136 144
147 148
14 72
125 79
128 23
15 72
51 43
178 101
131 188
21 36
120 143
22 36
108 160
97 97
136 72
120 37
23 36
140 162
67 72
68 72
86 154
70 72
139 99
38 36
39 36
41 36
54 100
103 125
82 72
55 100
102 72
161 8
170 65
98 174
45 36
147 162
3 194
95 100
179 69
108 125
74 59
158 153
96 100
83 73
46 36
98 100
67 139
127 124
102 99
79 159
32 171
150 115
43 87
122 125
14 108
72 139
85 19
52 126
148 162
70 126
51 36
92 184
166 152
83 1
41 183
103 72
52 36
59 3
87 192
54 36
143 81
72 126
130 179
192 180
162 127
41 143
56 36
177 139
57 36
103 126
65 36
76 96
108 126
189 12
128 4
121 126
122 126
108 72
132 126
19 5
74 139
69 170
69 36
70 36
178 37
17 77
15 57
135 72
175 164
23 26
137 72
109 13
168 123
158 194
53 150
84 73
173 162
55 36
71 36
42 179
41 27
79 36
125 36
133 126
138 72
152 95
76 185
52 119
52 103
128 36
134 126
43 164
71 139
87 99
159 153
65 169
177 197
142 36
140 72
138 89
137 144
99 98
43 137
184 155
162 153
24 116
159 194
146 36
192 126
121 143
147 36
166 153
137 110
94 189
67 169
53 43
50 195
158 36
99 100
195 143
143 143
55 75
75 139
15 24
174 162
9 100
111 100
146 78
136 109
32 127
11 178
113 100
38 127
2 193
90 192
159 36
165 179
137 121
33 163
11 37
38 37
46 37
53 15
43 127
68 37
37 76
71 37
51 127
146 143
141 16
70 127
125 57
78 37
179 50
136 75
48 163
177 143
52 78
121 154
93 184
79 127
154 37
101 149
97 15
7 168
132 127
104 37
134 19
126 100
92 139
124 100
119 37
41 123
154 72
142 37
147 37
125 100
152 37
52 170
185 155
153 37
127 100
159 127
177 81
158 37
162 37
128 67
155 72
108 122
184 143
24 191
8 168
189 78
141 144
13 193
135 140
183 153
161 127
178 81
45 106
122 146
104 36
12 38
26 80
190 174
93 192
35 139
128 100
20 122
9 101
107 15
13 38
65 177
169 196
190 78
73 191
38 38
5 186
39 196
14 44
46 38
56 195
4 154
183 192
84 101
53 163
154 105
55 163
195 127
57 179
115 91
85 101
56 110
87 93
11 6
87 101
16 44
89 193
2 191
91 193
71 38
88 197
143 144
3 190
105 190
10 128
14 128
56 157
156 72
118 184
157 72
16 156
178 72
100 193
104 38
28 128
180 72
59 89
172 108
191 78
143 188
61 5
92 175
89 101
38 128
139 100
181 72
192 178
39 128
176 141
117 70
23 63
179 81
191 174
143 96
145 54
12 73
7 48
37 73
112 101
192 174
193 174
125 38
28 47
9 166
128 38
113 101
172 142
123 113
124 86
56 163
74 128
55 73
131 38
79 75
111 171
17 74
59 163
196 60
43 128
147 22
61 128
139 101
86 101
14 193
175 197
193 48
18 175
116 49
144 188
63 169
132 38
95 139
100 7
133 38
159 103
9 50
167 87
70 128
157 194
195 128
32 98
160 127
27 85
134 38
173 143
167 179
84 96
56 73
120 184
142 38
17 156
51 194
54 151
154 101
168 38
33 155
43 82
172 38
34 144
5 154
57 73
23 68
13 36
36 144
34 77
158 101
109 15
14 129
28 129
64 73
53 194
104 91
107 17
99 195
1 39
78 149
124 56
121 184
131 57
47 53
59 129
172 179
66 73
169 101
84 75
13 133
166 154
177 28
69 73
109 163
36 175
15 193
166 194
176 194
108 118
70 163
71 73
7 154
79 73
12 102
92 137
188 68
35 77
146 144
4 137
41 160
129 47
2 39
195 56
7 85
125 37
3 39
157 70
13 102
110 139
61 129
158 38
169 59
166 183
87 1
176 143
148 144
4 39
14 39
109 73
71 39
31 103
53 24
154 144
138 42
12 179
20 102
54 170
104 39
42 128
23 165
105 39
187 143
76 146
107 39
56 136
24 117
67 177
125 39
53 102
65 102
157 144
126 39
147 159
127 39
119 108
182 179
99 108
110 111
113 139
63 129
55 24
155 144
73 163
10 88
96 85
5 182
135 150
179 48
79 129
66 102
55 194
128 39
134 170
110 73
37 175
192 144
126 13
191 19
87 194
131 39
157 191
56 153
80 129
171 145
134 73
25 86
63 50
135 139
141 145
93 121
81 129
68 102
76 91
70 102
162 39
98 134
168 39
153 170
9 154
76 49
36 77
17 180
29 163
172 39
162 15
179 39
32 193
48 50
181 181
3 186
6 24
4 40
10 168
136 73
14 40
84 138
136 170
23 40
185 73
24 40
120 129
111 113
44 82
51 174
24 165
55 42
166 161
156 144
189 73
13 89
26 40
11 154
27 40
182 183
70 70
190 73
38 175
135 20
9 4
29 40
170 182
46 40
137 139
18 135
50 40
141 146
88 101
17 168
111 101
107 190
121 129
38 193
12 154
70 190
5 100
13 80
83 163
62 175
55 40
174 146
4 74
90 194
133 112
53 175
16 69
70 40
25 165
96 69
186 106
123 129
61 189
61 179
21 154
61 175
127 89
26 168
71 104
179 119
125 129
8 74
189 194
65 19
42 66
66 168
109 113
195 142
148 171
71 40
193 194
117 40
167 188
126 129
137 20
93 194
41 193
132 129
37 77
121 40
141 40
75 102
40 77
30 163
12 74
123 151
65 175
175 95
9 102
146 40
151 40
168 40
23 195
60 127
14 74
157 139
31 154
158 139
195 129
53 118
177 144
141 184
102 147
2 130
51 50
3 130
88 196
172 40
128 154
15 132
68 168
120 146
189 21
34 76
5 130
188 40
194 144
6 130
113 175
4 176
117 91
71 102
193 144
36 75
34 145
14 130
192 40
3 41
166 169
62 130
183 51
41 192
71 91
63 130
53 104
23 41
25 41
31 95
91 130
84 102
18 156
15 115
40 169
86 161
174 77
90 196
122 60
109 130
162 38
180 3
39 173
137 102
85 163
144 119
40 70
122 123
49 193
29 41
177 95
137 103
195 179
138 161
42 125
110 130
194 50
123 175
55 41
191 21
126 24
33 154
111 130
94 41
131 41
38 39
114 163
36 145
121 146
129 162
191 88
138 41
108 36
116 28
45 82
170 21
143 184
128 24
189 160
139 102
18 74
112 130
28 74
29 74
139 41
140 41
56 60
120 130
41 74
145 68
43 74
120 163
126 130
41 77
145 130
173 145
146 130
70 76
171 21
171 146
142 102
39 145
189 128
144 184
135 22
162 41
179 184
134 146
35 154
171 38
158 130
159 130
158 50
168 188
44 74
49 106
147 7
171 41
110 158
173 146
16 93
86 191
50 74
159 139
165 87
92 196
175 130
26 47
55 145
55 74
27 119
172 41
195 187
4 75
24 195
132 56
64 74
25 195
47 121
176 130
34 147
191 41
192 130
98 164
88 168
2 131
80 73
24 87
80 14
91 4
63 145
143 102
133 163
85 95
147 119
138 90
144 36
41 148
2 91
99 14
127 14
3 174
78 148
178 119
27 174
40 91
76 80
138 14
46 63
9 167
97 193
75 91
54 120
93 81
188 174
87 10
91 91
136 113
161 36
137 91
40 19
86 19
64 120
65 114
178 36
145 117
93 182
149 91
93 63
75 120
52 118
79 120
169 91
137 10
157 63
112 37
38 64
8 119
160 193
90 120
138 120
104 64
62 11
4 92
110 19
87 148
11 175
103 148
111 148
74 92
187 19
141 83
162 193
99 92
12 93
117 37
146 64
40 175
145 120
51 175
121 37
67 175
15 93
113 148
57 20
127 37
191 14
65 20
155 37
62 93
98 175
69 20
41 15
110 175
67 15
145 119
110 187
26 121
192 37
88 93
145 148
181 119
93 120
31 121
91 93
76 38
93 93
118 93
150 93
162 20
127 121
148 148
179 20
168 64
96 65
184 193
136 121
180 93
64 11
4 122
39 194
171 65
42 122
195 93
23 66
116 175
47 122
80 15
14 176
1 94
136 15
23 87
76 122
155 15
25 87
35 149
151 38
33 94
101 194
122 122
32 66
159 15
104 176
153 176
12 88
178 38
114 94
1 21
145 194
93 66
73 149
143 94
13 67
49 190
183 122
11 39
86 123
167 176
44 164
87 21
171 121
91 123
105 123
11 167
15 67
18 167
109 39
111 39
145 123
147 39
72 191
181 39
138 21
184 39
171 176
168 194
143 194
53 67
90 149
86 167
196 94
3 177
2 95
169 123
190 165
12 40
107 122
174 194
39 124
89 177
50 124
74 88
161 194
54 124
11 90
102 149
124 90
147 90
149 21
88 124
68 40
97 67
90 40
140 177
88 95
116 95
169 21
180 194
93 40
119 67
38 195
123 124
132 40
172 177
61 178
180 95
156 178
20 123
143 149
17 68
64 6
2 179
57 195
157 13
182 95
93 68
43 179
160 124
89 167
4 150
193 95
134 40
121 195
170 40
177 124
195 95
43 96
31 150
1 41
65 15
179 124
49 41
116 167
172 21
75 96
92 22
56 150
165 195
103 179
95 22
185 90
116 179
111 150
106 68
169 41
20 125
134 150
120 68
25 16
141 96
24 125
38 125
144 68
43 123
160 96
169 195
127 179
148 150
177 195
71 151
27 16
147 68
100 17
183 151
175 96
71 125
190 22
151 179
33 97
13 180
11 12
190 167
186 151
57 180
43 125
44 97
84 97
191 195
61 12
189 41
54 69
152 180
13 42
17 42
92 42
94 196
143 196
78 125
56 69
81 127
177 92
57 23
120 125
127 125
28 126
177 97
111 169
157 196
31 126
132 42
167 196
83 69
42 16
42 98
50 126
11 181
141 42
98 69
152 93
145 23
101 152
136 126
151 42
123 152
147 23
148 167
64 16
190 126
78 12
160 42
72 128
23 181
177 69
16 153
48 153
95 98
148 169
126 98
180 196
194 126
63 181
54 127
121 153
180 69
59 127
136 98
90 181
182 196
2 43
106 16
38 70
89 197
93 43
137 153
64 168
5 99
5 24
103 181
86 99
117 43
138 43
153 43
97 99
63 127
74 127
166 197
104 127
107 127
124 181
189 127
188 153
22 24
12 128
45 70
22 100
24 128
61 3
149 181
71 70
149 9
56 154
24 24
156 70
101 24
13 71
166 181
106 71
52 100
177 71
120 154
141 94
172 181
136 128
45 155
41 128
18 72
180 181
27 72
4 182
150 18
175 10
8 11
78 128
105 100
125 13
100 130
133 100
8 14
110 16
62 155
40 44
105 24
6 182
158 128
69 44
166 100
160 128
168 100
136 130
11 14
9 129
26 129
83 44
187 100
13 14
125 45
190 100
41 182
17 46
116 24
78 101
109 101
40 171
42 46
97 14
63 46
90 168
92 129
175 132
156 101
106 72
64 46
54 182
157 155
169 72
189 129
66 46
188 155
64 182
24 16
170 46
6 47
39 169
69 169
65 47
150 182
147 18
20 156
35 73
81 73
178 132
147 21
70 47
189 18
60 130
139 73
56 156
53 20
177 101
95 12
179 101
108 169
183 101
83 47
102 130
186 101
55 20
117 47
22 102
142 16
98 12
122 24
55 102
148 130
33 183
44 183
161 130
178 130
151 135
127 47
141 73
190 130
145 21
74 102
21 25
13 48
127 172
77 102
4 25
168 73
187 73
67 156
16 74
90 102
17 48
147 183
111 74
146 102
169 31
177 16
194 130
120 12
159 102
171 74
161 135
68 48
168 183
181 183
181 48
24 26
130 26
12 131
85 156
197 183
167 102
138 184
190 103
149 95
40 75
5 104
53 75
19 17
169 26
68 131
108 35
164 174
19 104
31 104
37 185
153 169
77 185
52 104
92 25
94 25
54 104
127 12
29 170
118 104
99 156
32 105
49 105
70 131
75 136
113 25
115 28
63 170
65 105
76 29
92 131
31 98
146 75
117 185
86 30
87 170
94 131
191 156
145 31
11 132
175 138
169 33
20 34
159 75
10 49
75 132
91 132
43 157
48 157
101 13
184 138
145 132
119 185
71 105
132 105
165 75
59 157
170 132
135 105
181 185
67 36
119 49
104 34
16 133
4 186
179 49
137 100
78 157
93 133
192 157
25 50
41 158
151 133
78 50
33 26
16 76
83 50
30 76
155 105
170 38
78 39
27 141
53 40
153 133
178 26
158 133
90 170
160 105
53 158
55 158
85 158
190 105
13 134
31 186
63 175
5 102
42 76
26 134
12 106
97 158
42 134
57 134
95 50
35 186
40 17
101 134
103 134
149 158
50 76
67 106
144 40
71 76
148 76
134 103
182 26
5 77
137 105
146 134
82 77
24 135
84 77
168 158
111 77
158 40
38 41
115 50
27 135
39 27
108 13
34 135
141 77
177 158
147 106
187 106
106 186
159 77
28 78
147 78
175 106
65 17
14 51
13 108
85 17
75 27
99 27
87 17
150 78
165 78
49 108
122 27
180 27
25 47
36 135
105 59
87 108
59 159
5 28
44 48
153 135
22 136
100 108
23 28
99 159
108 159
26 136
18 187
65 51
16 176
166 170
103 108
41 28
104 51
172 48
169 143
183 108
45 109
53 28
174 78
150 159
37 136
106 51
97 109
88 28
190 170
40 160
80 136
79 160
17 79
119 51
180 109
190 48
64 188
24 80
104 60
63 49
115 80
75 176
107 188
149 160
9 110
133 188
41 144
85 72
33 110
36 171
195 144
46 110
75 107
146 188
49 110
82 136
193 177
70 49
28 51
123 80
113 28
107 73
166 160
139 75
85 136
139 80
11 179
57 110
131 51
49 171
43 86
180 179
117 28
86 110
122 107
182 28
92 136
61 145
188 136
127 110
136 110
141 80
5 137
171 110
194 51
38 52
96 52
190 160
10 29
34 108
34 137
110 171
133 171
42 137
144 52
190 52
153 137
88 111
49 29
26 81
192 160
40 147
194 81
170 188
3 138
56 138
41 82
149 171
36 51
13 189
193 52
166 86
2 161
47 52
159 29
28 53
102 111
44 112
86 112
41 87
94 138
76 82
78 82
194 29
136 138
87 161
20 189
36 108
156 53
161 171
99 112
178 171
31 148
158 106
192 179
10 139
126 52
118 82
108 112
170 53
91 109
57 189
23 139
129 52
161 82
119 161
129 161
54 150
34 139
166 82
152 52
165 161
29 162
27 83
123 109
155 83
127 112
38 113
122 113
37 139
175 83
138 113
69 139
75 189
108 162
133 113
12 84
84 139
7 114
86 189
166 84
7 172
17 54
161 139
91 54
141 54
88 30
169 52
179 52
89 189
122 30
32 18
107 55
109 55
44 114
109 162
21 85
183 52
133 162
12 140
162 13
65 116
69 114
134 55
29 140
110 56
69 172
87 114
119 56
41 85
193 179
150 162
94 140
2 163
184 140
34 31
42 85
189 114
97 85
55 118
67 31
38 54
195 114
31 163
146 54
121 56
7 86
27 86
93 189
49 55
16 115
4 141
71 86
96 31
125 56
20 151
20 115
134 189
108 86
10 141
55 115
57 108
121 151
110 110
125 31
53 55
161 115
188 115
110 86
26 116
160 189
103 172
106 141
30 116
100 153
131 56
163 86
50 14
40 163
38 116
121 141
162 189
146 57
43 116
191 189
11 87
33 87
52 116
135 141
81 87
77 58
106 58
42 112
185 141
84 87
188 141
121 60
127 31
6 117
176 60
105 163
138 163
111 142
143 56
75 164
169 61
167 56
16 57
42 18
113 142
87 154
157 142
96 62
194 142
164 87
171 31
48 155
169 87
196 31
78 32
181 122
81 57
35 143
82 143
188 65
65 155
55 14
126 67
8 117
186 143
187 155
97 164
153 57
2 190
18 190
189 156
68 58
74 58
20 117
146 164
9 165
29 117
132 58
61 190
40 88
134 58
63 190
31 117
86 32
141 58
103 144
134 144
51 145
179 117
159 172
182 117
168 59
20 60
89 32
190 117
11 165
77 60
17 165
74 190
104 159
20 165
123 145
142 32
42 88
13 69
114 165
156 60
84 18
133 145
106 190
144 145
130 165
108 190
105 72
147 145
41 124
24 118
101 88
5 146
104 88
9 146
20 191
35 33
107 191
164 60
52 113
124 88
110 159
170 88
185 88
134 18
186 165
121 191
7 166
71 166
197 60
192 88
5 61
68 118
33 89
75 166
11 146
53 89
152 181
8 61
161 74
107 118
31 146
148 118
94 33
125 146
60 89
189 118
14 132
161 191
34 75
174 33
175 146
57 34
21 61
56 61
167 191
110 113
98 89
170 61
172 61
162 172
147 160
173 191
131 113
66 34
25 119
37 75
28 119
115 89
98 166
51 75
23 62
119 144
150 166
57 75
118 89
50 163
177 146
3 192
79 14
181 35
190 76
30 119
137 18
26 192
139 77
191 35
142 89
45 119
192 146
152 89
92 173
136 173
195 146
185 166
30 192
74 90
40 192
65 119
70 119
62 192
168 192
43 36
76 119
61 62
190 192
162 18
22 151
188 77
36 19
161 173
125 78
84 90
19 152
20 147
132 62
53 147
176 78
179 78
31 63
192 192
76 147
101 147
104 90
34 193
91 119
136 90
15 80
137 147
43 9
101 25
189 37
154 41
40 43
118 49
156 52
156 54
121 57
193 57
115 82
117 82
85 97
146 103
13 106
7 121
160 123
120 162
73 132
175 145
65 162
78 176
98 191
170 181
61 163
61 7
162 9
4 24
138 24
195 29
62 33
55 49
88 51
36 52
119 52
117 163
119 53
182 54
146 58
21 65
13 68
187 77
189 82
190 82
110 87
42 89
42 90
78 96
27 169
176 101
168 104
118 107
170 108
102 110
66 119
177 119
92 124
103 130
98 131
98 132
166 132
14 137
35 137
104 140
53 145
53 146
76 148
109 150
110 150
71 190
48 151
48 152
189 155
157 157
118 158
107 159
118 159
118 160
31 162
117 164
1 165
2 165
28 165
119 165
28 166
119 166
133 167
138 167
32 173
79 175
90 175
172 182
110 185
111 185
148 185
110 186
195 189
20 192
97 192
79 34
12 87
30 89
43 122
