83 25
24 25
51 23
11 2
32 70
95 28
22 15
11 85
24 85
18 1
40 89
39 93
95 29
56 53
7 33
86 7
98 80
20 71
87 67
43 70
80 28
X
83 22
69 64
46 15
84 8
86 44
76 42
75 80
55 72
48 53
9 68
9 49
58 2
95 74
42 92
82 49
70 6
8 53
86 6
91 95
46 14
12 8
35 41
68 29
4 88
8 84
71 35
31 56
40 35
53 83
73 26
37 35
17 24
67 31
87 33
97 45
89 26
83 89
34 25
37 67
19 90
73 50
98 81
7 27
82 0
26 59
96 46
47 1
84 28
87 82
79 78
96 59
11 42
15 47
62 40
86 21
65 98
X
56 15
67 4
38 25
65 66
53 51
30 17
27 27
63 78
59 80
44 40
95 71
57 94
67 73
55 92
76 43
49 34
88 36
57 79
84 87
38 34
9 57
36 46
28 44
25 86
69 29
11 14
35 29
37 30
43 66
91 21
95 85
69 80
85 39
9 38
76 14
52 19
77 55
3 95
37 15
98 9
27 47
30 9
73 98
37 33
30 74
58 71
71 1
83 9
57 86
40 84
85 70
58 22
13 64
79 54
85 85
15 59
21 12
14 68
29 57
83 13
91 25
93 64
40 36
8 45
44 89
51 55
14 28
40 79
69 81
29 66
93 28
29 51
46 37
9 33
33 93
77 42
68 82
92 20
84 62
38 16
39 0
30 34
72 39
94 62
90 94
36 0
23 81
85 18
20 98
71 47
1 61
64 40
97 27
50 42
42 20
92 67
66 61
27 29
25 6
17 77
3 67
63 18
18 2
48 58
12 88
81 45
95 25
62 24
40 22
16 98
34 45
40 85
86 8
53 3
37 6
58 64
36 93
92 88
89 43
56 58
83 6
66 87
75 87
5 30
60 69
32 63
44 91
43 76
22 46
9 96
97 40
57 60
31 35
13 39
62 62
26 26
81 67
90 18
77 40
40 45
2 47
37 43
70 66
15 21
35 71
30 68
20 11
33 24
6 16
7 56
57 77
16 15
61 24
29 71
42 61
21 23
7 83
97 65
73 10
82 81
56 12
59 24
39 64
86 32
41 2
24 70
72 0
39 10
97 83
79 2
67 29
41 93
96 64
25 82
24 41
90 36
71 80
74 20
47 47
89 31
0 76
60 39
47 79
38 53
25 59
54 51
81 60
59 65
53 53
14 86
64 45
23 73
84 76
46 46
84 63
28 25
1 82
20 44
57 10
55 47
88 8
18 35
0 58
66 9
31 1
52 8
70 12
12 98
12 73
78 9
5 47
5 53
22 1
37 76
15 93
58 94
93 73
16 10
41 43
4 25
65 73
83 66
59 2
32 46
10 57
61 94
98 47
70 42
71 46
91 31
92 39
59 93
7 51
1 56
25 45
85 55
73 73
46 59
89 18
21 53
96 54
95 58
70 14
33 63
83 50
62 90
92 44
9 54
17 9
33 33
45 5
34 32
84 66
96 48
43 86
73 82
13 15
92 34
26 97
54 16
80 71
36 56
72 52
49 90
72 71
8 22
12 68
92 54
48 38
16 4
33 46
98 2
11 35
38 70
13 24
79 57
41 60
12 20
6 15
46 12
28 75
94 38
95 61
91 71
64 48
11 70
2 80
67 88
40 57
40 2
40 24
47 12
65 63
50 60
21 31
51 89
81 69
97 25
35 67
23 96
75 35
12 28
80 32
90 72
46 36
14 62
17 97
75 73
65 44
41 50
83 4
65 61
35 79
78 80
36 48
98 64
62 15
49 76
11 48
66 5
3 19
80 0
16 88
12 53
12 9
6 82
69 3
47 41
59 17
12 58
47 36
0 77
12 4
14 65
47 27
45 30
91 15
26 98
67 42
14 8
28 27
75 94
4 66
50 8
11 45
47 10
74 58
56 86
11 41
91 54
26 61
82 1
95 81
21 70
96 29
87 51
23 74
9 34
64 91
70 73
53 78
35 9
19 6
69 25
0 70
36 22
28 47
72 21
84 16
49 68
8 76
36 42
28 79
10 46
32 91
68 38
84 25
27 75
46 5
43 69
38 47
6 12
72 85
63 70
84 23
88 26
12 10
89 86
85 62
84 3
94 89
39 60
62 26
45 58
15 58
51 60
91 40
78 95
65 53
41 65
58 9
57 75
34 67
23 30
26 70
26 84
97 66
92 38
40 90
12 72
43 20
24 48
79 24
23 19
43 49
37 22
7 52
61 91
27 61
30 51
54 82
48 66
23 34
94 23
27 84
71 63
28 26
62 67
70 43
92 35
59 4
X
26 91
63 57
8 79
40 20
79 36
55 55
28 16
23 3
24 19
42 15
74 98
96 27
84 7
12 35
88 57
89 55
33 7
42 43
87 8
7 16
37 62
88 43
21 61
84 39
72 36
19 35
97 3
12 49
34 68
63 64
98 70
70 62
46 89
76 76
57 21
20 54
28 59
66 60
71 44
39 59
45 39
59 95
87 16
74 48
13 20
32 6
78 60
76 19
88 91
93 36
3 94
76 35
30 10
75 88
3 73
52 20
66 29
6 77
11 93
80 77
43 63
68 10
27 57
76 79
94 4
51 90
37 98
12 93
51 54
54 75
0 55
54 88
16 57
36 64
81 26
58 84
71 38
68 17
17 95
73 52
66 51
57 13
63 67
76 65
71 93
80 78
33 68
70 82
73 23
79 31
52 38
8 72
28 29
27 86
8 71
93 77
66 93
26 45
48 71
46 30
56 54
92 53
66 44
56 72
22 5
35 51
0 65
37 31
X
86 30
50 28
97 64
64 71
16 97
51 70
19 58
14 64
49 46
81 89
52 80
27 45
61 80
23 58
70 37
76 55
28 71
72 7
41 84
42 66
78 13
40 16
7 12
29 0
77 41
77 46
41 79
50 36
59 48
79 39
26 82
51 73
26 53
19 59
8 18
3 69
49 64
84 50
64 10
53 36
46 61
44 76
34 82
26 54
67 8
97 15
2 27
63 8
42 9
40 3
58 75
12 60
58 10
86 31
69 38
57 88
95 54
11 21
36 67
57 5
95 63
30 48
13 63
22 65
7 68
93 54
49 71
6 48
38 36
18 12
70 90
51 30
97 53
47 19
58 18
60 78
51 40
26 43
18 42
70 58
29 74
0 59
54 12
6 35
19 21
85 8
57 25
81 49
X
46 56
16 2
25 60
94 24
37 23
42 57
74 85
49 73
47 43
62 76
45 42
22 4
63 56
67 44
64 17
4 26
83 60
84 13
67 93
20 97
77 83
35 82
72 54
95 95
83 1
14 95
10 19
16 33
78 91
55 50
9 40
52 62
5 49
5 96
59 7
93 71
75 70
52 23
31 19
49 56
1 81
82 82
47 35
59 84
52 81
34 46
57 67
25 58
66 76
35 23
9 50
44 28
81 53
12 55
58 91
43 77
13 83
5 66
55 75
23 21
58 72
37 93
23 26
82 40
63 37
X
40 82
12 87
55 41
90 5
36 89
56 89
64 77
89 82
21 38
X
30 84
93 30
27 31
28 52
14 58
20 38
92 6
97 51
73 85
44 32
24 72
87 76
9 65
21 8
87 57
58 63
65 55
41 62
74 4
70 56
22 6
23 52
5 16
2 38
82 79
68 26
76 30
56 43
43 92
86 62
24 21
49 54
90 39
14 76
89 65
25 90
82 94
38 82
54 77
30 5
84 75
21 71
81 19
37 56
83 19
62 7
4 83
54 0
30 40
X
77 4
91 39
14 47
74 35
39 19
7 72
83 90
18 60
87 20
12 36
67 7
0 60
13 45
74 45
56 21
2 35
78 4
31 22
98 66
93 14
44 9
87 30
30 29
17 92
9 76
0 86
56 26
96 10
13 28
46 40
18 9
79 30
35 75
57 52
65 41
39 79
26 86
9 3
34 0
6 24
82 22
42 84
74 2
53 67
67 32
36 78
74 74
22 52
84 21
12 13
94 30
54 13
24 91
78 21
38 52
50 63
5 18
17 28
15 75
5 41
16 5
10 15
76 81
73 89
50 27
24 20
76 15
6 46
38 13
8 89
17 49
85 34
60 60
13 8
57 85
55 38
22 48
25 91
12 37
42 79
5 5
43 3
92 0
39 50
61 28
45 66
5 59
26 15
8 74
62 31
70 98
85 91
93 37
60 27
66 84
79 96
45 34
0 10
84 18
52 35
53 43
34 39
33 74
50 56
71 26
57 6
21 57
48 29
17 55
95 38
93 76
3 93
72 57
26 48
7 63
54 74
96 13
13 37
91 57
95 24
72 35
83 5
68 28
47 91
88 15
35 76
58 73
63 58
44 87
90 13
70 72
16 89
22 96
76 38
75 6
37 94
14 37
2 72
42 65
11 55
65 6
0 51
89 23
47 16
21 87
69 40
55 48
51 75
41 26
64 38
94 39
46 47
57 44
14 27
70 52
36 44
45 15
63 44
29 8
89 39
42 13
59 45
23 13
77 52
85 84
3 80
89 49
91 84
8 11
31 81
2 55
46 7
58 32
97 54
92 14
31 74
14 33
24 60
50 77
75 22
83 57
82 87
67 92
84 61
69 70
79 67
72 40
34 49
47 77
41 68
59 37
43 9
93 20
96 22
54 40
94 20
33 49
55 76
18 80
90 21
4 43
16 55
29 41
8 16
94 21
6 10
98 39
54 17
19 77
68 16
35 50
55 80
98 61
29 25
24 31
12 41
22 94
76 67
79 21
63 83
49 42
15 68
65 74
8 19
70 67
23 45
71 74
22 67
26 74
82 50
26 5
5 15
58 6
17 56
12 67
93 88
75 34
66 50
79 69
12 89
44 97
34 58
93 35
89 98
47 58
16 18
64 19
60 17
19 24
9 71
95 80
70 74
12 48
91 91
37 21
45 55
43 34
38 56
20 33
36 36
55 43
54 56
92 31
13 47
2 23
1 93
43 10
92 5
29 19
39 71
47 97
36 57
75 23
7 53
52 54
30 90
74 27
2 82
22 10
95 88
27 7
84 34
21 96
76 34
57 22
12 33
17 48
14 83
45 90
33 91
45 54
6 32
24 35
48 40
88 56
42 12
65 45
89 84
40 50
47 24
30 42
34 91
4 52
75 61
95 79
55 23
91 22
16 76
38 44
52 2
22 38
6 20
25 87
77 35
3 81
47 51
36 82
10 66
74 55
66 24
1 58
60 55
75 78
78 69
88 35
37 42
85 10
29 23
5 21
98 48
70 89
57 80
48 18
19 20
62 65
14 85
23 56
87 53
93 13
84 73
53 75
41 44
17 64
13 78
74 97
68 40
72 73
81 8
51 68
74 32
64 82
92 62
59 75
54 62
81 14
40 69
91 46
80 76
64 65
15 28
94 5
20 63
32 92
49 53
63 91
40 75
10 34
14 57
97 55
72 63
68 31
13 72
36 19
13 85
51 77
1 44
66 48
95 13
36 58
90 41
13 36
36 87
89 64
90 50
4 47
21 62
15 8
47 95
1 52
16 86
70 22
4 70
43 96
7 89
65 23
51 42
18 92
67 23
32 94
26 85
76 94
49 96
75 10
90 37
72 48
X
65 93
38 66
41 63
52 72
95 45
96 44
3 51
77 50
39 54
74 16
28 33
29 36
75 48
40 10
36 83
8 67
51 27
31 80
49 52
39 15
23 11
37 91
50 23
16 61
43 74
77 36
7 59
89 15
29 76
30 16
69 58
72 12
38 95
32 18
39 22
74 86
71 78
70 64
98 11
33 51
43 25
24 46
98 4
12 16
69 71
59 64
46 62
41 70
57 92
84 92
21 76
72 69
20 7
96 31
36 23
37 83
32 80
6 30
82 70
75 82
42 45
28 84
32 64
51 63
81 20
62 48
39 26
39 62
79 34
16 80
85 44
74 7
8 26
21 7
23 59
21 15
13 60
29 35
59 46
11 19
91 41
75 89
20 4
73 3
31 63
5 48
28 31
17 4
7 74
20 9
86 77
0 45
62 30
30 4
97 93
54 20
89 63
80 85
37 12
48 74
7 36
51 35
48 3
38 75
38 43
62 39
29 39
75 65
52 33
80 5
97 94
39 48
81 71
21 39
22 33
31 50
3 92
43 30
41 36
83 32
87 66
24 4
32 26
19 18
73 88
23 33
12 77
9 87
85 28
8 2
59 81
57 31
69 32
66 98
34 69
11 23
59 90
86 38
55 54
41 0
55 12
15 40
9 37
37 64
40 83
1 92
22 43
80 90
22 75
52 7
65 9
71 27
80 44
8 48
37 52
67 62
16 3
80 95
77 62
60 54
23 54
82 90
81 95
77 94
49 20
9 11
9 26
90 95
95 44
44 22
71 8
52 24
84 35
94 76
57 65
74 62
98 43
81 2
28 9
6 39
74 95
55 2
20 95
91 76
X
7 93
60 57
60 77
8 39
38 89
45 51
49 92
87 92
44 26
17 79
94 6
44 35
83 63
84 19
30 14
88 3
71 54
10 91
62 91
26 89
70 81
61 84
54 31
80 69
79 4
46 43
72 51
26 18
44 0
47 8
18 11
82 9
46 55
29 47
40 95
59 16
42 3
24 54
36 63
41 78
85 64
43 5
95 37
98 82
38 76
6 70
86 98
83 33
98 7
20 59
93 82
39 29
19 11
22 66
45 67
48 7
93 53
43 15
69 46
91 30
87 83
59 79
56 20
65 72
9 80
67 83
5 35
9 84
50 52
24 47
31 48
27 1
50 20
67 5
64 57
53 42
4 53
63 43
19 81
86 9
85 53
15 61
79 19
33 59
0 21
91 45
9 90
60 36
44 88
76 59
95 57
85 42
82 7
59 39
50 55
91 56
53 23
29 80
88 42
61 55
14 10
52 5
92 42
54 61
54 7
1 30
6 72
80 61
22 14
53 79
52 42
60 91
49 78
27 73
63 2
68 30
33 50
68 79
13 7
16 93
23 40
67 79
55 62
57 46
68 43
73 24
82 66
67 43
37 63
76 56
12 96
0 13
61 73
75 50
70 24
54 37
32 54
65 70
49 4
85 68
44 7
31 98
28 22
56 23
63 36
47 92
89 92
21 46
49 66
34 74
34 51
57 27
30 47
81 21
73 93
45 52
86 34
43 89
45 59
89 33
6 80
95 89
38 91
34 31
45 87
55 86
86 86
28 3
57 12
82 19
54 36
54 19
84 74
45 12
8 83
1 51
38 78
95 69
16 53
48 78
95 92
62 55
1 18
55 98
47 89
24 78
34 33
34 17
8 34
8 27
35 45
30 41
23 97
79 94
49 80
16 68
91 77
57 98
54 96
52 40
43 82
3 35
59 36
21 9
8 68
73 70
23 38
47 34
30 1
92 72
87 31
38 28
80 87
10 22
42 23
29 31
6 81
38 21
30 69
91 33
12 84
6 89
56 81
4 80
20 66
67 50
47 81
53 54
86 45
98 95
8 75
22 39
20 81
5 60
97 13
8 38
11 97
84 32
31 82
56 7
36 94
18 63
6 51
42 77
43 95
3 60
88 50
35 31
86 24
37 27
7 87
19 76
16 42
6 78
42 80
76 64
81 1
15 56
23 16
93 83
70 29
71 91
6 5
64 56
14 4
25 72
89 17
35 26
26 90
24 37
25 12
84 91
76 22
42 86
2 65
71 59
64 85
70 71
38 74
71 25
85 40
32 48
11 75
28 17
50 88
21 1
26 87
14 72
23 44
98 41
27 85
11 27
96 20
35 69
78 53
54 54
22 47
71 79
79 93
66 33
7 20
40 46
9 23
45 32
98 18
47 45
51 53
20 45
37 78
68 78
46 17
27 13
28 1
21 55
53 40
58 41
33 72
78 45
95 62
48 21
1 15
2 96
28 48
26 52
44 83
48 95
29 30
55 52
43 17
19 91
43 79
48 47
83 64
74 78
55 58
1 90
91 53
92 41
70 97
72 4
25 69
X
87 90
49 79
42 89
95 68
78 23
49 45
72 30
24 30
89 44
96 41
37 96
97 80
5 22
10 27
56 91
35 17
11 46
84 9
89 78
97 42
61 66
2 61
19 42
58 23
82 53
16 73
18 20
41 85
49 22
57 28
9 47
76 85
64 24
73 33
66 41
5 9
20 32
69 73
16 11
10 71
83 14
72 27
48 68
95 83
89 75
28 61
6 55
82 58
46 48
62 27
57 61
96 2
49 44
X
93 42
31 34
88 80
36 17
33 48
7 29
62 61
49 61
9 97
49 35
76 73
17 42
39 27
48 36
10 40
90 33
22 79
53 93
7 79
9 16
93 5
19 79
78 33
77 73
21 30
88 84
10 86
75 74
79 29
56 46
88 71
29 85
60 40
13 48
71 64
12 78
47 53
90 38
47 48
31 60
44 49
23 80
87 81
78 59
75 52
45 45
58 40
80 14
47 57
82 23
40 11
37 61
40 44
83 73
35 46
77 53
90 55
20 21
40 78
74 9
18 15
44 39
8 3
5 7
49 72
71 61
71 55
94 81
54 72
96 92
46 44
66 65
2 32
86 12
38 23
77 61
36 68
53 57
86 13
51 48
86 64
93 62
91 55
89 38
18 55
92 30
96 70
3 5
47 93
34 15
4 90
27 2
65 40
41 42
49 59
25 41
69 36
10 82
2 54
82 76
48 97
7 40
49 21
3 29
42 2
46 8
48 91
41 13
79 65
72 38
31 97
7 82
10 12
15 92
46 19
38 59
47 22
34 76
45 1
96 23
35 38
38 22
41 8
8 98
77 58
66 56
30 19
3 18
2 14
75 59
4 38
68 51
51 69
95 76
13 35
6 87
56 98
94 13
14 63
4 6
22 18
75 17
87 77
69 21
49 97
94 31
29 9
77 84
83 87
23 50
9 82
82 84
54 4
79 92
48 11
45 95
79 40
22 8
25 37
39 2
41 15
48 28
56 38
35 64
24 16
25 18
3 90
65 60
38 57
75 8
11 9
74 81
67 89
16 64
61 54
0 93
82 97
10 73
11 40
62 28
14 29
47 54
3 68
92 40
52 49
18 25
4 74
30 21
94 9
42 6
46 60
35 22
59 25
58 16
9 86
28 4
65 94
48 34
97 26
95 32
35 7
33 36
7 70
90 56
38 64
16 74
87 14
96 24
73 30
92 89
6 83
44 24
97 85
98 94
21 10
58 59
84 88
84 86
69 5
48 23
36 33
35 60
38 51
21 56
30 77
74 96
50 81
3 52
50 22
18 82
50 30
32 85
83 47
58 93
35 25
28 62
41 49
5 34
59 63
53 77
93 43
3 63
26 88
75 79
43 23
4 85
65 91
96 37
71 92
73 36
29 3
54 23
35 13
3 40
3 31
75 43
53 6
2 46
70 92
74 41
78 70
9 92
46 9
61 81
20 19
9 81
58 77
57 55
14 48
97 69
70 47
82 51
29 44
26 77
41 6
45 0
9 20
0 20
55 31
96 50
27 6
82 8
88 0
86 74
40 59
23 84
58 92
18 90
97 38
76 83
12 27
44 61
91 82
28 20
56 10
38 94
8 44
53 16
74 72
31 42
1 24
72 31
47 14
0 64
50 13
11 89
85 65
92 93
9 66
60 3
84 6
11 17
53 56
35 88
83 69
2 63
38 27
0 63
58 33
43 38
77 81
79 63
31 33
9 91
78 20
47 80
48 46
84 52
72 44
24 89
95 30
64 78
82 12
54 3
56 4
8 95
15 54
87 50
15 25
30 8
27 53
21 27
19 82
45 36
32 34
13 19
20 34
90 32
7 5
97 8
6 58
73 80
67 82
20 93
45 13
60 41
10 28
0 66
95 23
34 35
39 31
38 14
76 25
65 71
97 58
91 35
71 60
33 20
51 8
89 12
78 81
38 92
20 16
10 88
X
92 57
87 11
30 82
39 14
62 74
56 1
23 77
36 37
39 20
73 63
48 79
33 55
80 86
16 17
84 57
10 63
43 85
70 5
45 35
68 76
67 91
19 41
59 15
32 86
7 60
85 76
65 75
40 37
81 90
28 13
51 3
21 22
47 15
50 74
61 38
21 95
66 58
48 6
66 89
74 50
49 13
69 9
39 78
15 82
53 20
59 23
35 18
91 36
61 62
41 11
42 59
17 60
64 89
88 44
71 72
92 86
11 68
76 21
55 10
81 98
60 16
58 46
76 72
74 75
38 29
93 38
85 98
65 19
51 33
61 69
30 80
96 62
83 79
4 28
80 4
68 50
83 85
42 96
86 23
34 18
11 53
55 93
22 58
60 18
44 81
97 95
58 97
79 7
87 55
38 81
73 77
51 17
77 43
73 14
96 96
51 10
87 36
85 54
28 12
19 52
75 62
2 69
2 50
67 40
78 55
63 6
4 67
43 8
7 94
66 72
74 24
89 22
34 48
73 87
67 71
74 10
61 10
81 56
93 41
81 6
70 70
78 12
38 84
56 28
55 21
77 88
56 8
41 54
46 50
67 54
11 13
64 3
0 96
16 28
56 36
54 27
8 31
5 67
20 57
87 13
12 64
52 22
14 60
69 79
7 47
86 65
94 45
87 88
91 75
30 6
6 41
33 13
60 81
55 56
84 33
98 8
59 88
81 31
98 13
47 37
87 19
32 88
32 35
46 75
70 59
96 15
22 29
47 9
85 36
24 33
72 61
3 1
5 14
53 27
63 49
55 27
22 91
60 66
89 96
67 94
66 54
96 84
80 15
75 56
42 85
59 27
68 84
80 58
56 51
46 39
5 69
96 28
79 55
52 47
25 46
75 81
81 44
11 76
40 53
3 9
23 18
55 69
5 12
11 25
57 42
71 56
79 73
27 12
48 62
58 11
30 91
16 13
32 37
91 62
13 29
0 52
20 22
73 81
43 54
67 61
23 57
9 32
33 52
18 18
81 33
83 21
82 69
97 37
57 78
93 24
41 17
83 10
74 46
55 11
5 1
69 93
36 15
56 68
67 78
46 42
39 1
57 32
54 69
18 13
11 57
96 40
81 78
95 1
73 60
48 15
44 93
33 34
19 96
93 16
94 79
59 94
39 67
98 25
91 0
8 56
77 44
25 68
6 50
52 79
X
56 63
59 54
48 93
12 61
49 29
16 77
69 50
17 10
77 87
15 60
9 56
43 31
30 24
57 76
30 18
22 31
74 25
78 3
26 7
37 95
84 12
1 85
73 55
91 50
69 82
68 56
12 54
17 89
93 59
56 41
40 68
23 39
75 86
87 93
4 44
73 29
76 90
20 82
5 38
8 70
24 49
14 54
4 0
45 22
53 89
10 20
19 19
44 53
80 60
13 17
91 59
15 7
6 43
85 73
60 90
64 95
26 66
7 28
65 59
35 59
17 93
63 47
83 12
85 82
11 29
84 10
92 73
10 26
24 28
13 70
10 94
4 39
39 55
96 85
24 11
67 98
89 6
69 26
34 52
50 64
5 84
86 73
17 71
58 31
15 80
27 20
48 19
96 95
39 34
8 65
3 59
63 11
55 36
60 92
57 64
76 80
95 0
95 10
41 12
21 45
69 56
X
4 58
52 77
35 24
78 34
41 59
35 78
37 60
50 54
35 56
79 68
17 57
15 79
73 57
36 60
62 77
23 91
4 78
25 83
48 37
7 88
70 7
76 63
78 58
22 74
64 6
98 22
5 26
91 67
90 31
38 6
95 75
26 80
13 94
41 39
94 43
57 74
87 87
34 77
45 89
80 66
98 96
80 91
5 52
35 27
13 25
57 93
34 55
4 55
36 25
39 95
64 55
26 58
40 49
52 10
38 32
33 67
54 52
41 88
90 45
49 85
42 19
34 36
12 29
93 12
42 88
84 85
47 44
82 15
26 68
11 20
38 49
64 27
81 24
73 58
49 91
9 18
76 54
83 81
48 48
71 71
55 71
41 21
12 66
92 23
36 91
85 29
54 80
62 46
90 86
13 96
76 91
65 11
34 43
12 21
17 19
68 92
36 26
13 53
33 39
71 29
88 90
36 71
35 32
76 49
2 83
6 74
88 88
66 22
12 19
76 60
21 34
12 79
33 86
37 14
94 80
42 50
27 30
90 84
10 11
88 93
15 12
55 34
10 60
72 53
44 78
53 60
18 14
98 1
43 35
19 74
10 74
4 19
51 29
53 24
12 86
74 5
48 94
7 61
15 88
21 40
29 20
63 3
97 87
97 23
56 62
95 6
81 70
0 94
94 91
62 60
22 53
97 46
58 96
62 10
85 78
18 73
58 39
1 88
63 55
67 72
92 85
54 42
71 42
X
37 16
57 43
63 12
17 65
31 28
46 1
65 46
79 32
30 97
16 25
17 29
35 74
94 63
94 74
39 70
57 37
88 87
38 63
19 5
93 3
52 41
21 54
65 38
95 46
27 52
43 47
21 60
89 8
30 83
95 11
27 43
3 39
46 66
37 7
59 28
97 48
26 29
12 75
55 67
10 36
77 78
97 2
55 57
9 83
7 77
73 45
44 20
64 39
X
73 0
4 24
65 54
54 93
98 93
64 2
70 3
24 42
63 53
11 16
16 22
49 19
32 87
86 14
39 52
82 75
89 80
10 56
24 55
57 68
49 40
43 19
97 1
78 84
75 85
15 55
93 51
80 10
77 28
77 16
80 94
34 89
78 8
83 70
5 32
46 71
94 82
96 68
21 3
10 2
19 15
7 15
21 24
87 63
64 75
1 67
12 71
92 91
85 41
32 0
98 35
22 22
23 12
36 92
6 53
95 96
46 35
83 68
60 6
68 77
22 7
97 70
24 32
94 29
70 27
40 73
56 67
54 15
62 59
31 29
43 71
29 34
81 16
46 51
8 54
81 92
47 63
36 69
8 14
52 30
49 55
89 66
23 5
80 24
8 80
3 17
18 26
72 67
54 14
7 18
6 66
90 61
29 2
59 35
87 24
22 78
23 24
72 56
78 50
29 84
86 70
9 59
25 29
40 33
89 0
88 11
48 70
29 5
26 40
80 13
0 56
11 84
26 10
90 96
10 49
8 85
80 68
62 79
96 0
32 50
17 68
74 34
97 17
14 73
32 28
23 60
30 55
80 7
5 83
14 36
46 54
32 98
39 89
15 90
61 63
88 13
86 76
97 0
92 7
66 45
1 23
5 71
74 79
49 65
68 39
76 58
24 39
43 81
96 94
X
38 71
40 13
23 22
47 31
15 51
20 39
78 66
59 86
88 45
49 70
56 83
39 6
94 72
48 67
52 95
7 78
X
89 57
76 36
22 70
73 13
47 23
2 45
17 23
96 51
54 59
46 32
89 50
30 31
28 66
53 0
94 28
37 19
20 83
4 63
94 14
38 65
85 66
21 14
89 20
1 94
43 67
73 96
13 10
36 80
22 12
86 88
82 16
85 74
91 68
44 36
9 19
32 71
92 55
39 83
31 75
78 75
57 83
74 82
38 61
76 86
22 68
52 29
47 46
20 52
55 84
36 32
68 53
17 3
71 50
63 24
50 96
45 68
53 11
59 22
30 94
29 96
34 80
37 57
93 33
79 33
33 31
41 66
91 7
85 79
4 87
19 25
68 4
31 47
94 16
23 27
8 32
71 33
49 36
29 29
38 85
37 80
58 90
45 53
88 16
4 45
37 34
92 36
13 88
79 41
41 27
59 67
88 95
34 50
24 40
86 10
96 30
49 23
11 37
51 80
45 26
91 24
8 78
48 32
0 53
26 60
83 56
47 64
63 98
69 4
73 39
35 86
67 75
98 86
15 14
21 92
10 76
88 4
93 4
87 28
54 91
58 78
72 2
83 96
37 82
8 43
3 54
89 13
69 59
96 76
27 81
28 69
94 10
55 40
1 95
25 57
89 94
7 32
62 41
51 91
98 91
3 55
19 75
37 97
75 64
34 86
8 25
49 47
6 47
95 97
63 48
39 80
34 19
72 26
77 10
47 86
29 22
84 70
66 10
48 41
37 70
82 78
60 72
58 45
59 85
7 48
52 59
5 44
20 76
1 11
57 24
47 94
54 94
84 40
92 94
5 0
58 69
44 25
44 27
23 23
52 89
91 86
56 3
5 85
32 65
11 30
33 92
6 22
9 79
23 71
X
38 93
36 11
55 7
90 12
68 60
86 78
83 24
55 87
97 41
34 26
91 69
69 54
26 38
66 75
14 25
30 85
X
39 25
10 64
44 31
31 41
81 58
10 69
18 57
63 61
17 11
72 60
52 39
43 57
96 33
72 95
77 3
13 21
19 68
95 31
27 87
7 6
69 97
85 32
77 49
63 16
85 77
81 94
38 55
97 71
34 20
65 10
X
63 81
30 78
32 82
75 45
90 15
21 19
81 68
65 88
78 78
96 72
97 9
80 64
79 91
30 23
62 80
13 38
49 58
11 24
33 70
85 22
9 51
50 59
34 38
64 11
41 90
15 41
6 1
6 49
88 17
96 21
94 25
80 33
41 37
88 63
79 95
6 33
4 86
42 94
26 30
67 9
63 65
45 20
1 57
50 58
79 3
29 33
57 54
5 28
54 78
13 9
80 96
82 57
43 13
70 26
17 33
85 24
57 69
9 72
91 85
70 93
62 47
66 71
81 93
75 38
71 94
27 10
90 42
79 82
40 14
68 48
41 94
3 45
47 30
3 71
91 73
13 27
18 88
88 67
81 77
14 3
38 7
71 76
37 46
58 38
97 72
47 20
31 31
7 98
74 84
58 61
13 49
65 80
68 70
73 76
78 47
61 88
5 6
2 97
87 22
50 85
18 89
26 46
54 84
35 95
82 52
6 67
3 7
36 31
37 0
12 34
5 56
71 37
38 50
54 18
60 64
54 60
1 45
60 1
6 2
20 65
28 7
68 95
2 56
88 6
36 85
42 39
82 98
14 26
50 49
73 53
65 96
90 25
25 4
40 32
68 54
48 82
71 13
41 82
29 79
21 65
27 40
3 26
53 39
75 93
73 74
25 78
21 98
48 12
37 26
39 88
67 87
57 26
60 23
48 64
56 11
73 37
57 62
7 84
91 83
49 88
15 57
78 92
66 90
14 20
36 38
65 50
21 68
73 61
72 20
62 38
95 86
56 48
22 63
28 64
38 96
10 29
77 34
83 7
54 53
47 32
17 13
24 23
42 21
45 16
24 76
2 13
74 39
6 38
30 44
75 25
81 88
59 69
38 86
52 78
45 76
4 48
94 60
35 93
85 23
87 40
20 20
16 6
32 19
53 1
56 56
81 47
34 7
76 18
72 29
49 7
69 31
87 86
11 18
89 97
30 67
48 81
43 80
78 18
93 7
96 77
64 66
21 64
56 32
89 91
44 13
19 23
14 66
49 18
X
98 21
96 71
35 47
97 20
66 3
81 22
79 16
82 55
22 21
90 23
75 31
2 89
2 58
20 35
64 43
22 56
66 21
79 17
31 67
X
39 86
97 24
51 47
75 53
32 23
6 37
21 74
11 87
81 72
56 65
15 48
64 47
44 69
82 56
7 26
53 82
26 62
14 16
25 20
40 76
3 86
90 14
68 3
66 46
22 71
92 33
76 75
3 82
28 28
83 84
17 41
56 5
93 11
86 82
64 37
94 2
44 95
74 77
54 47
44 17
53 13
58 15
74 40
59 41
14 61
90 53
6 27
25 98
14 38
2 57
88 92
4 61
11 12
7 49
35 15
22 23
24 58
91 70
84 2
55 53
78 32
70 50
79 86
89 54
60 33
43 64
5 42
25 21
11 28
86 61
45 49
31 36
87 79
73 94
8 4
6 3
59 55
51 52
84 69
32 66
11 15
46 45
3 97
31 38
49 3
75 13
5 8
87 32
63 72
32 74
58 53
77 9
14 14
44 66
12 11
83 65
69 91
13 73
17 2
92 3
76 88
91 14
65 87
17 27
94 12
15 66
79 70
23 93
88 78
2 67
36 47
98 29
41 14
4 20
89 16
66 28
97 79
4 23
4 15
42 93
51 79
84 68
33 21
18 58
31 69
63 79
28 10
7 67
34 85
58 43
28 18
33 85
86 59
61 64
39 9
20 60
98 53
31 3
24 81
41 74
33 94
1 69
25 5
50 12
74 80
25 32
23 4
90 40
42 16
11 58
14 49
30 25
72 68
83 49
22 19
53 84
38 97
94 53
54 24
31 37
55 83
64 12
54 49
61 71
25 40
44 75
6 9
9 8
21 63
55 73
23 98
46 96
4 9
50 76
X
51 9
84 22
30 54
39 30
43 78
91 74
10 55
39 73
8 36
62 83
40 38
66 36
13 74
5 64
46 63
73 56
93 39
79 20
22 57
82 26
24 38
69 49
58 56
73 18
76 20
85 33
6 4
27 49
34 62
6 59
14 50
42 48
11 43
16 65
83 93
43 33
7 91
1 91
51 74
84 14
59 72
34 81
82 18
0 81
96 93
16 47
39 63
29 10
18 10
17 15
48 65
31 0
85 63
85 9
79 0
78 61
74 51
39 23
78 89
77 75
51 65
87 37
61 16
90 69
7 65
88 54
88 77
69 65
23 68
30 79
64 62
70 4
26 36
69 48
68 32
40 56
59 59
49 60
25 38
49 30
68 44
3 56
87 4
6 75
37 41
98 63
71 2
83 59
25 54
90 62
63 15
82 17
24 22
49 67
5 3
29 1
2 26
15 70
85 81
9 2
97 82
95 48
90 59
87 74
29 6
15 18
17 34
54 89
8 9
23 42
21 66
42 14
52 64
38 45
74 56
8 81
44 8
98 14
19 55
4 37
54 64
61 90
5 37
18 6
72 50
72 96
21 93
36 76
65 64
84 98
32 89
53 90
54 5
33 37
86 60
6 19
18 41
27 8
24 92
3 70
27 3
66 19
89 77
55 33
77 70
71 31
74 60
46 93
16 12
53 12
98 32
40 19
7 55
80 89
33 89
3 64
31 40
17 66
25 7
54 73
48 54
51 61
44 56
2 92
74 29
33 71
68 63
26 4
84 24
34 63
61 1
80 36
83 78
68 12
31 16
27 70
2 1
96 43
75 28
49 16
89 45
16 96
61 78
58 98
47 66
73 17
81 17
48 30
21 16
71 90
34 40
18 34
14 35
55 60
24 27
98 49
96 82
56 85
63 80
83 20
95 33
11 26
5 94
90 83
31 45
61 46
82 92
10 54
5 78
98 33
15 72
30 87
75 57
79 58
35 81
44 29
89 85
43 6
41 3
16 69
60 59
22 87
43 93
86 87
29 65
37 48
29 21
41 22
X
25 36
12 95
4 42
26 31
12 30
42 56
55 14
26 37
48 92
58 68
42 68
57 87
27 62
90 74
67 2
60 28
7 8
8 15
54 10
94 7
52 63
88 14
19 9
87 17
1 63
47 39
18 64
62 75
96 75
40 41
2 25
50 43
32 78
60 88
13 84
29 43
35 0
33 23
26 50
50 18
45 92
9 9
55 77
23 28
18 53
96 90
16 7
59 61
98 15
7 1
57 81
46 28
56 82
25 28
17 70
69 28
27 4
34 72
19 69
0 82
34 57
62 11
27 5
88 55
42 70
86 22
35 68
46 49
73 4
12 97
89 35
63 17
3 72
80 57
53 21
35 94
53 64
43 60
33 35
58 67
61 40
37 45
20 3
75 16
38 87
27 68
50 17
37 59
2 11
27 23
48 69
10 1
56 95
50 65
53 19
44 63
64 64
93 80
9 58
95 90
4 54
73 20
45 81
53 76
76 84
13 56
55 63
8 52
69 23
66 7
98 17
54 57
24 3
32 49
17 75
47 61
92 64
23 29
82 89
44 70
41 24
25 70
5 65
37 29
76 92
83 29
32 40
83 17
51 56
71 77
74 88
10 44
14 84
60 74
93 63
65 32
41 23
4 65
35 42
97 96
97 62
45 63
47 85
47 21
46 4
82 14
40 86
38 90
55 13
64 9
88 34
10 70
23 1
47 88
22 9
74 0
41 41
6 65
35 11
5 31
14 74
62 92
57 3
29 40
3 15
29 52
14 21
72 87
98 30
42 75
26 55
41 46
4 17
91 23
34 37
21 11
37 79
1 76
4 89
43 24
96 42
74 94
50 61
86 63
54 29
44 10
12 14
52 92
71 58
62 71
40 96
60 35
61 25
2 88
31 17
65 43
90 22
62 89
85 61
73 44
61 8
93 23
88 25
32 29
8 6
79 79
30 20
30 93
54 71
68 71
83 16
83 28
92 15
88 33
46 81
53 15
11 11
22 34
16 8
76 40
7 11
25 77
56 71
36 7
2 12
78 54
61 67
98 92
34 78
51 76
83 77
53 26
81 28
73 2
X
7 37
45 28
57 95
60 63
38 8
37 58
97 50
43 91
74 57
14 17
84 72
32 22
50 70
50 68
38 80
40 0
4 5
39 38
4 81
14 87
66 94
66 73
57 56
34 59
19 64
72 8
95 26
58 66
70 54
32 45
67 10
78 10
61 57
56 47
53 25
91 66
92 95
22 35
29 48
12 12
53 52
74 6
56 55
69 39
17 18
47 71
76 13
50 19
8 77
48 72
9 77
76 17
3 21
94 22
45 31
81 91
82 34
73 8
X
49 2
94 64
39 33
88 24
10 83
12 23
25 97
58 74
12 38
25 27
23 83
33 95
62 94
80 34
24 83
0 14
8 63
7 30
18 29
13 58
10 25
15 65
25 85
69 66
59 73
56 2
64 60
4 4
50 34
40 55
5 11
72 28
72 34
45 85
8 29
7 97
32 47
59 33
97 91
54 44
87 98
43 72
56 49
69 35
31 8
33 25
49 62
48 14
33 65
89 81
66 18
7 85
53 14
76 89
8 82
6 69
81 13
98 16
49 33
8 90
9 14
23 69
22 93
35 83
22 55
35 84
58 95
53 68
37 17
72 75
53 44
46 3
70 38
22 61
7 35
58 14
73 75
91 51
20 25
61 37
62 36
39 47
98 79
74 17
96 69
65 28
68 88
22 54
16 66
88 49
9 6
21 85
54 95
57 7
69 8
11 74
90 58
62 57
51 72
29 72
40 18
32 59
89 58
8 87
76 2
36 43
70 41
19 54
64 94
17 98
81 29
20 15
97 12
77 72
5 25
40 48
18 81
12 94
14 9
52 44
46 76
58 52
36 27
25 11
87 56
77 2
84 77
76 4
73 51
32 17
54 70
46 87
12 45
66 23
89 76
49 37
79 13
75 9
69 57
8 55
12 92
72 3
2 64
61 61
87 45
96 47
22 80
45 7
27 79
8 42
1 43
48 39
43 90
32 60
56 0
25 66
15 35
64 58
52 61
13 12
60 73
49 93
3 74
5 95
18 8
75 44
13 97
68 37
37 44
59 11
67 96
48 89
83 74
36 41
55 25
37 65
53 69
66 27
66 17
54 76
93 79
55 45
59 47
94 61
11 49
93 92
21 79
66 52
16 84
68 52
67 60
44 92
54 46
30 66
19 67
7 81
80 55
8 37
46 31
84 51
18 45
10 62
68 96
85 83
87 78
81 30
44 71
6 71
44 94
82 85
17 74
8 13
18 17
71 51
16 59
68 61
44 33
96 63
82 95
21 47
70 35
15 98
80 9
59 53
4 30
51 19
71 65
77 86
57 71
89 14
24 34
57 47
60 0
16 48
90 1
49 5
22 76
11 98
63 10
39 75
73 5
9 41
97 36
57 82
87 5
19 17
6 23
21 35
79 23
42 38
96 78
66 88
28 85
48 57
79 50
95 94
41 19
24 15
26 32
72 43
69 7
28 76
65 57
90 43
15 4
45 86
9 85
89 67
52 58
61 56
4 21
84 5
50 50
81 12
80 49
77 80
6 79
61 0
15 0
71 73
55 24
50 33
84 60
44 19
47 29
68 93
33 78
67 46
73 22
0 11
39 58
40 17
63 82
84 36
89 40
13 4
79 66
96 1
84 64
32 81
87 70
41 55
2 66
97 32
91 13
11 1
75 77
44 65
74 36
53 49
16 29
65 51
38 35
41 5
27 46
41 18
80 20
45 17
14 2
35 91
2 29
79 81
78 52
23 78
80 3
54 87
11 94
91 37
66 32
16 91
5 63
49 86
27 32
41 9
28 41
44 6
61 48
36 20
17 59
7 54
5 98
52 82
82 38
46 53
35 72
97 90
67 25
24 86
44 77
72 86
73 97
4 31
79 22
29 28
70 55
20 96
71 53
23 25
42 42
46 82
22 92
22 11
30 56
44 59
30 32
35 20
5 39
36 79
28 46
95 36
19 10
76 44
11 34
3 10
52 50
72 76
15 63
82 54
64 81
18 33
21 44
31 20
37 20
66 55
59 77
42 22
83 62
12 59
62 35
88 7
11 92
37 50
25 67
32 24
74 71
21 82
89 69
73 34
9 12
15 74
48 35
35 85
95 40
85 13
37 73
76 29
67 58
52 16
48 49
87 12
26 21
72 88
49 89
11 82
84 56
33 81
29 67
15 1
25 22
37 51
94 33
35 8
19 8
79 47
12 82
1 77
37 47
1 46
84 81
85 92
55 29
1 59
63 94
44 82
22 72
43 84
1 10
45 11
97 33
29 73
27 33
81 3
33 88
93 15
63 1
98 38
64 80
93 55
41 69
8 35
21 13
58 79
85 5
88 32
95 87
46 13
80 59
78 63
95 42
28 5
68 89
63 93
66 81
53 62
26 79
61 11
42 17
80 50
92 63
34 21
3 66
64 61
18 95
38 79
15 62
20 29
50 66
93 68
43 65
26 13
31 21
60 25
5 27
49 11
76 62
27 66
15 94
2 24
25 42
25 61
14 39
49 39
60 70
42 87
2 52
23 36
51 18
40 47
6 44
67 53
80 25
12 40
65 31
19 13
49 49
91 52
55 94
73 42
10 65
26 25
80 75
56 93
38 83
12 70
89 46
9 94
66 57
68 22
72 13
38 26
79 59
45 33
97 86
47 87
96 3
71 24
16 56
54 50
93 90
57 91
78 17
42 76
38 77
33 22
45 8
58 47
95 5
69 92
63 30
1 65
58 76
X
65 52
45 93
50 29
5 43
49 51
19 88
18 51
42 67
93 40
50 37
72 74
21 42
19 95
65 83
78 83
4 29
51 85
7 46
54 6
10 41
59 26
96 65
45 10
50 71
93 21
67 51
55 61
96 83
20 40
12 15
95 55
40 87
30 57
88 12
28 60
6 93
1 87
58 3
98 85
39 91
68 11
2 94
8 51
14 13
84 47
77 65
42 49
39 96
90 52
55 78
34 64
14 78
39 61
70 10
81 10
65 30
30 46
3 25
5 29
45 41
18 21
85 7
32 75
68 21
93 89
65 18
27 59
78 46
28 30
15 49
77 38
88 82
66 31
49 15
85 56
63 28
69 60
1 13
8 92
37 89
77 20
93 56
40 5
32 20
14 97
87 23
69 67
68 25
25 81
16 70
55 16
9 45
79 56
39 92
X
13 18
45 78
50 39
54 26
33 47
56 80
25 33
43 39
2 30
81 34
52 57
8 10
81 9
86 81
79 90
16 40
32 14
41 91
84 17
81 84
43 21
4 72
49 75
20 51
21 20
15 50
83 91
65 86
68 72
80 21
40 88
0 72
6 7
12 24
49 41
23 15
35 66
85 86
1 55
70 36
93 31
33 82
48 2
X
26 69
71 43
6 86
14 71
0 9
85 19
9 43
78 11
61 23
82 6
13 71
90 34
84 38
20 78
51 20
15 83
4 59
86 36
77 85
81 23
86 43
53 97
58 62
14 34
26 24
17 81
14 52
87 71
16 41
30 75
26 11
2 48
91 38
29 24
3 6
51 39
59 29
97 10
31 87
22 45
82 96
19 33
27 76
79 60
61 83
57 29
53 86
94 86
30 81
36 24
24 90
82 47
73 46
97 49
8 46
45 27
59 68
34 28
81 11
25 31
12 62
59 89
81 79
16 1
72 18
65 89
44 5
73 54
87 94
2 60
9 70
39 46
17 25
72 25
19 93
64 63
95 82
32 16
45 46
98 87
26 35
90 67
73 62
64 1
33 60
36 61
87 9
94 56
30 36
60 48
30 60
19 83
88 22
66 39
64 7
2 34
15 52
46 58
64 42
6 52
69 78
65 76
36 66
70 57
X
84 37
4 84
31 66
42 18
4 10
76 1
13 46
4 93
34 70
74 70
83 46
0 48
59 70
96 25
67 38
1 9
28 15
10 89
75 54
12 56
77 90
10 43
19 34
87 64
90 20
47 33
19 66
53 81
91 65
44 79
32 21
10 47
9 69
94 3
73 19
3 84
18 0
61 15
30 50
73 7
82 80
70 63
41 7
69 1
74 76
86 52
15 42
X
87 1
95 59
6 54
62 56
3 22
56 88
16 16
7 19
60 82
44 57
65 33
50 92
41 87
52 9
25 19
69 95
38 19
98 40
39 37
58 42
29 55
62 6
17 1
9 98
16 71
84 94
13 93
89 71
38 67
19 60
45 29
98 10
17 73
75 0
78 90
91 42
88 81
41 73
1 14
6 64
54 43
79 85
50 45
57 9
21 58
48 63
38 42
79 46
0 87
51 6
97 22
28 43
18 56
94 94
31 70
39 28
5 50
59 10
93 32
95 53
16 51
48 33
84 4
15 87
52 48
76 57
17 12
83 0
33 14
62 66
32 1
79 64
51 64
72 19
33 80
10 85
6 34
59 6
10 75
67 37
53 7
62 37
61 49
16 54
89 56
87 18
59 74
78 85
51 24
18 68
2 73
85 30
56 78
89 68
59 87
49 63
50 3
2 81
54 97
92 43
47 49
18 91
59 78
55 89
95 43
77 68
45 71
2 77
25 3
85 60
19 72
23 17
54 22
48 55
39 72
12 85
56 92
34 23
10 59
57 59
91 72
16 26
45 21
59 60
21 78
9 17
30 22
15 84
48 90
97 68
37 90
28 81
7 39
0 22
92 56
84 59
66 82
32 62
28 86
25 75
54 2
1 53
10 39
78 88
26 75
32 93
13 55
19 53
89 74
23 79
77 76
21 67
57 53
85 6
6 28
42 47
64 98
34 14
26 81
47 40
81 75
27 9
43 50
6 13
54 85
50 5
76 51
72 37
6 8
70 48
24 73
92 19
26 22
53 37
81 73
86 56
58 25
90 92
77 79
17 80
69 41
29 83
41 83
26 67
74 19
47 72
51 58
20 77
51 71
71 95
96 81
4 11
31 55
35 87
88 98
56 24
21 59
49 81
51 22
95 41
12 22
43 58
77 92
24 45
35 21
0 67
48 24
15 20
59 83
58 37
55 15
89 5
73 38
90 71
24 17
16 95
12 42
73 1
77 33
34 47
98 24
27 22
80 29
24 87
22 17
60 2
32 67
65 42
66 86
53 48
53 72
25 88
21 43
22 32
49 38
24 67
39 56
38 17
94 54
69 74
22 16
78 68
78 86
24 69
94 93
22 2
46 88
80 67
25 26
26 20
54 25
83 75
92 16
8 7
20 46
17 52
64 84
71 0
49 24
43 75
45 25
80 31
34 27
33 62
18 79
81 54
8 97
50 35
7 71
25 17
13 41
25 62
29 26
10 45
32 25
72 49
29 91
83 92
97 39
26 64
75 37
79 49
39 16
57 4
56 45
24 43
69 96
98 69
34 34
25 39
77 37
10 90
7 58
75 60
28 45
98 3
56 59
61 41
20 74
7 21
33 42
16 14
82 32
16 0
40 67
93 93
1 47
77 12
32 79
96 86
10 98
79 1
7 3
73 25
33 29
4 82
14 90
10 24
17 51
7 25
29 45
36 84
43 29
85 11
36 51
5 70
3 11
1 73
90 60
62 8
74 30
66 6
17 69
4 73
82 46
66 80
69 89
12 91
67 16
13 11
63 9
22 85
70 91
80 11
69 30
5 2
59 62
86 2
63 86
48 80
14 24
33 19
97 84
41 95
10 97
21 97
86 46
20 92
92 82
43 18
78 2
20 56
53 22
78 72
4 22
13 76
77 32
60 47
21 91
50 11
41 1
10 13
44 34
73 83
40 34
39 76
81 87
84 29
50 51
5 91
13 91
73 72
10 16
51 21
39 65
53 73
50 24
90 30
53 63
88 58
X
88 46
50 90
14 15
7 95
65 81
61 59
5 88
15 15
98 26
55 68
66 4
68 47
3 91
48 73
92 37
74 61
58 83
92 59
78 28
79 83
14 55
74 49
38 46
12 90
62 29
48 27
72 65
60 26
91 6
50 87
10 14
87 42
12 44
47 17
3 23
7 75
3 76
56 27
86 20
2 87
75 32
50 75
1 70
24 44
66 43
93 57
69 44
2 9
6 68
36 40
2 76
X
90 77
21 4
33 79
28 23
63 29
7 66
6 25
83 39
15 22
55 39
20 94
83 35
87 96
62 23
35 65
74 89
55 44
29 46
43 7
29 98
85 43
11 64
52 15
41 77
28 32
25 34
95 56
79 88
55 6
86 29
56 90
66 70
69 20
34 79
53 41
97 56
85 75
34 22
23 64
5 17
9 78
61 72
81 46
17 72
86 11
28 68
46 16
53 29
15 69
15 6
53 91
92 28
71 36
69 63
67 48
X
85 67
5 45
40 39
94 36
54 28
92 81
80 46
94 11
69 98
56 6
91 93
82 2
36 28
53 58
16 78
68 75
16 21
12 76
46 94
60 75
96 39
50 86
5 40
43 55
63 27
25 56
48 42
24 57
45 91
90 44
67 3
9 10
69 62
83 97
71 57
20 1
43 68
51 62
71 96
37 25
35 48
1 29
61 92
75 1
83 98
78 64
83 18
31 6
89 1
6 45
28 70
38 62
65 47
24 82
42 69
76 0
39 85
72 46
12 83
41 56
68 83
15 76
86 19
13 62
66 42
72 58
27 11
78 65
24 77
82 33
61 9
47 18
25 76
61 75
11 73
57 45
48 88
79 71
44 38
45 47
89 42
68 87
50 46
79 9
31 68
29 32
46 11
91 60
56 14
15 16
25 93
14 91
26 39
66 30
18 74
55 51
74 3
14 77
47 65
27 69
19 43
97 81
8 86
77 63
53 4
20 24
59 82
44 21
46 95
92 74
94 34
48 86
11 71
46 20
95 3
7 13
53 92
57 72
32 36
15 85
83 23
39 74
12 47
7 38
96 56
80 88
48 17
95 27
95 4
24 56
52 85
10 87
78 19
4 95
71 10
77 1
46 29
17 78
63 46
19 14
90 75
62 50
64 93
8 20
4 41
92 51
50 53
42 74
52 4
94 90
12 2
5 93
18 96
7 23
61 52
29 77
37 81
33 69
50 91
37 32
46 77
10 58
96 80
45 48
3 58
22 64
47 38
98 45
31 23
82 13
49 94
26 34
77 15
24 74
92 2
66 47
1 60
4 56
25 25
46 92
32 55
73 31
65 7
90 16
29 18
27 80
58 24
63 54
84 89
84 84
94 57
89 70
64 28
0 12
62 49
1 98
38 41
77 48
91 26
70 96
11 88
47 98
32 15
51 57
77 31
52 65
81 7
98 88
21 77
36 77
17 50
90 85
38 60
37 53
4 33
5 13
17 88
6 60
48 87
44 80
88 51
30 33
96 14
40 42
92 27
95 9
34 71
43 14
2 18
20 28
10 3
91 27
41 58
68 49
4 40
14 12
52 34
73 27
77 14
41 76
19 70
44 18
70 65
82 5
94 58
32 38
94 35
63 92
58 34
13 81
89 32
36 74
53 5
46 52
3 49
68 90
37 55
50 82
21 33
32 32
43 16
43 56
60 83
66 74
55 90
50 38
92 96
39 49
64 76
55 22
15 11
54 45
58 55
25 23
24 52
91 97
77 71
78 16
68 55
6 63
42 90
43 73
56 22
27 42
59 52
1 0
67 24
73 79
42 83
60 24
77 30
86 33
9 35
10 35
54 41
97 4
19 40
44 14
63 41
82 3
96 74
41 35
5 89
29 82
46 34
88 96
18 44
3 77
9 64
36 81
45 61
77 22
38 11
47 50
50 47
5 82
92 21
63 45
11 83
19 56
96 19
20 18
82 88
90 64
47 73
43 22
44 47
68 81
74 18
97 7
67 47
51 81
22 59
62 12
50 41
37 49
9 46
56 25
56 73
7 41
82 39
26 6
74 37
50 57
28 14
X
45 75
6 88
67 52
37 28
78 24
88 66
84 67
35 58
6 76
78 44
67 95
7 92
10 61
70 28
24 80
91 18
26 3
43 36
77 29
36 65
13 92
66 92
98 34
98 0
72 70
76 77
81 55
78 30
79 44
4 60
15 95
74 91
2 91
97 63
82 83
47 55
71 30
25 47
53 66
47 42
28 2
87 73
64 8
74 31
23 65
28 51
9 48
45 77
3 85
6 11
53 50
85 50
27 67
62 16
76 50
15 38
47 13
70 83
13 54
64 18
58 81
90 98
35 70
8 21
58 60
93 67
25 44
50 2
52 17
57 14
70 30
2 90
82 65
87 15
30 2
70 9
31 89
25 89
36 14
65 34
71 75
92 4
19 12
74 83
16 52
71 49
26 44
92 60
63 71
20 69
70 94
35 57
59 57
80 97
66 91
25 52
13 50
16 19
85 59
9 44
6 56
13 26
18 97
7 96
21 41
5 68
91 12
37 18
51 59
7 64
79 89
37 86
76 70
10 48
10 23
81 83
15 24
4 97
71 14
74 43
35 73
34 13
48 59
56 61
53 85
33 28
58 17
43 88
25 35
69 17
63 42
42 11
69 51
30 45
72 10
52 46
56 84
21 25
72 55
51 95
79 45
17 61
25 43
89 24
4 64
15 5
62 69
65 37
50 40
X
57 11
78 38
39 66
6 97
71 48
23 55
3 88
49 77
72 33
72 14
28 73
65 92
67 84
78 22
82 35
4 27
45 56
31 90
43 87
90 57
52 90
12 18
48 22
53 46
79 8
77 59
20 30
83 82
83 34
48 13
78 36
26 8
53 95
52 45
55 91
44 68
74 1
2 19
51 49
8 17
41 47
60 89
2 33
24 88
48 75
64 5
76 12
35 14
69 2
68 62
12 43
90 91
5 19
1 66
79 12
96 9
13 22
63 19
88 64
23 61
18 93
28 19
62 78
38 20
1 35
61 39
4 2
15 97
66 63
94 78
42 62
4 68
40 40
15 37
X
41 20
39 39
60 68
87 29
13 75
42 37
45 80
91 5
77 66
33 32
98 46
43 61
84 95
18 78
24 24
71 89
56 60
45 19
59 76
14 53
52 75
23 94
20 79
26 14
39 18
86 94
23 95
92 66
24 93
36 29
11 66
95 15
3 89
12 17
97 19
60 37
49 69
49 28
29 78
97 47
8 66
96 55
75 75
50 89
94 19
56 79
92 12
87 0
70 45
77 60
16 58
11 62
20 23
66 64
11 63
91 58
11 10
42 44
75 71
44 42
17 8
80 26
14 82
41 89
82 21
61 2
66 25
64 29
84 83
78 71
48 8
31 46
62 64
83 80
28 34
75 55
39 87
74 59
9 36
3 50
72 42
75 58
17 90
28 40
78 37
88 68
12 69
22 77
88 89
34 24
28 67
91 96
7 90
26 83
22 73
42 60
2 98
65 4
32 90
55 20
17 22
83 83
19 92
15 86
22 40
15 17
20 75
73 32
4 1
30 35
31 79
72 24
6 29
8 8
9 39
9 22
58 86
31 18
42 91
13 34
12 74
15 19
42 58
30 89
26 27
98 44
16 35
11 90
75 76
50 69
80 12
11 65
81 97
51 2
68 91
88 94
57 84
45 18
3 53
65 58
74 93
26 42
38 48
63 52
16 50
34 87
0 57
5 86
64 26
2 28
5 58
74 63
69 61
36 70
47 56
78 87
93 2
70 21
4 7
46 80
37 11
97 21
69 24
86 79
67 59
81 36
88 27
75 24
21 69
67 21
24 50
86 15
75 63
56 39
4 13
22 20
40 1
88 70
16 49
19 51
18 43
3 98
50 21
86 5
14 81
35 28
88 23
45 96
83 3
36 21
34 92
39 5
98 84
90 54
93 29
57 41
24 12
80 82
52 53
87 2
20 67
79 11
72 94
52 25
94 69
50 80
10 72
27 44
71 28
69 52
60 22
86 85
96 53
89 93
81 0
18 72
96 38
72 22
36 16
15 13
65 56
89 37
92 69
73 78
23 82
7 9
62 70
47 78
13 13
74 23
83 8
19 45
35 40
22 62
46 38
21 73
29 56
16 27
X
64 41
3 57
23 32
94 68
18 16
24 13
93 70
70 13
90 68
94 15
15 3
51 43
57 63
93 60
37 68
89 52
32 13
27 15
35 37
65 39
46 65
82 86
98 67
36 55
41 86
39 35
19 44
61 17
46 78
10 8
71 12
25 49
6 61
95 12
78 93
14 79
39 43
85 37
52 74
7 86
86 55
19 16
42 1
92 45
90 66
91 1
35 36
54 39
X
75 7
6 14
57 39
27 28
56 34
44 62
85 17
28 77
89 83
80 70
66 2
27 48
20 8
74 54
39 32
3 87
28 53
89 41
8 64
57 40
47 69
25 92
15 39
73 71
49 17
73 21
44 15
65 84
63 84
54 48
16 9
24 29
6 95
87 95
23 8
17 26
66 8
72 59
82 93
50 73
44 30
6 36
60 80
20 13
23 43
23 41
74 73
79 62
65 29
11 67
95 49
50 6
35 77
19 7
67 80
22 81
96 91
91 19
97 44
89 28
93 6
45 60
9 55
32 97
75 98
2 51
87 6
3 33
75 40
49 27
61 74
4 96
95 98
41 40
61 70
20 2
51 7
39 77
X
9 42
2 53
9 95
48 51
71 9
44 16
72 9
52 76
60 67
15 26
7 50
45 83
71 82
40 74
10 92
87 41
28 8
81 50
83 88
89 90
23 76
40 7
2 10
84 82
34 60
52 3
37 13
24 18
61 27
87 34
80 63
78 94
89 34
12 63
55 59
51 96
93 81
69 6
24 98
20 64
18 54
10 33
89 51
30 53
30 28
35 43
28 21
26 47
63 31
4 35
56 44
3 38
79 28
34 11
45 88
79 38
8 94
94 32
85 72
61 93
66 26
82 24
46 91
38 18
30 0
50 4
62 81
36 95
90 24
15 2
4 77
44 84
78 67
27 65
70 61
36 39
65 12
56 57
60 61
66 85
45 44
8 88
14 93
19 89
90 93
61 76
26 33
55 26
75 92
3 28
57 57
64 25
3 96
47 96
22 98
14 75
93 22
14 96
51 41
69 94
95 91
53 47
44 55
13 95
17 58
3 34
83 48
8 23
54 92
44 1
57 20
64 90
14 70
72 93
48 76
68 23
55 49
43 11
4 32
14 80
46 41
40 51
29 49
35 33
33 27
72 45
22 41
93 34
77 98
68 94
60 76
60 62
23 53
95 93
79 72
55 70
6 96
63 40
7 14
59 3
38 12
3 83
20 80
25 80
21 52
45 94
90 97
7 76
44 46
33 45
75 36
83 2
38 73
64 46
15 89
48 44
60 84
4 16
17 35
76 41
26 49
9 15
15 9
78 56
74 38
16 90
X
39 84
76 98
25 48
25 24
55 1
8 28
75 29
11 47
93 74
32 39
35 89
50 78
40 15
70 23
59 91
3 16
76 61
13 82
48 16
81 74
81 80
90 35
52 83
53 96
85 38
48 20
49 50
81 57
51 38
66 53
41 96
27 77
98 54
48 52
4 12
52 96
90 82
62 17
23 31
70 49
49 74
19 65
80 8
32 33
6 6
63 85
64 44
33 75
43 32
87 84
32 42
67 76
24 61
38 30
0 47
7 17
47 76
78 1
92 68
30 52
71 97
65 95
51 5
15 78
85 31
82 91
80 79
44 41
27 89
22 60
10 10
49 82
63 77
0 97
10 18
88 86
69 47
74 33
93 94
80 48
39 36
62 72
12 0
1 86
80 2
23 92
24 68
1 12
16 79
34 56
22 97
61 60
93 66
14 94
51 78
41 81
57 2
42 82
62 73
47 11
81 18
14 5
33 15
42 25
18 22
64 86
23 70
88 31
66 95
75 49
13 44
51 92
42 81
59 56
94 73
53 38
4 34
43 2
86 4
37 1
63 23
48 96
98 12
86 40
11 60
24 97
66 20
44 67
67 30
92 13
16 24
12 65
8 5
47 62
71 81
13 98
88 52
82 67
46 79
68 41
79 37
89 36
82 68
7 22
49 8
54 11
45 79
37 37
58 65
32 51
70 68
25 50
9 93
54 32
53 87
72 32
0 73
2 70
3 24
33 43
44 11
87 91
86 35
18 52
80 98
77 64
26 9
57 96
77 93
89 25
55 28
86 80
20 53
32 77
91 94
88 18
25 55
9 21
98 89
11 39
69 37
78 96
88 65
14 59
45 14
18 40
46 10
94 0
66 59
77 77
40 6
63 26
19 46
24 71
95 2
67 17
77 54
73 49
14 11
10 42
41 45
72 64
35 80
59 18
2 68
18 7
0 46
98 65
11 36
26 23
80 23
76 16
18 98
37 84
19 22
98 62
98 42
65 5
37 85
10 77
54 79
10 9
70 60
45 62
55 0
49 87
47 82
29 90
29 89
15 33
18 3
16 34
5 4
61 35
16 60
53 2
87 54
20 43
14 92
12 39
20 10
97 34
72 1
66 62
98 57
82 77
78 29
40 52
93 72
23 6
23 20
80 56
73 9
45 50
63 66
43 48
84 80
91 43
43 83
20 17
1 96
47 67
14 56
55 4
84 20
65 82
57 38
19 78
82 10
66 96
91 44
95 65
54 21
X
81 25
11 72
X
75 72
86 53
1 27
3 27
X
92 22
X
30 43
36 45
X
79 87
52 56
28 80
55 88
57 51
33 26
X
X
27 58
50 7
52 51
66 34
X
X
X
X
13 87
X
78 82
7 2
X
60 53
X
88 83
33 18
X
X
X
55 46
96 49
5 10
X
X
59 71
X
X
87 35
6 21
X
X
X
X
87 46
X
11 8
61 36
83 40
13 79
X
X
23 75
X
X
93 91
X
85 80
97 59
38 1
48 60
X
70 31
X
73 59
X
10 17
83 61
48 77
67 57
39 53
X
95 77
X
X
87 43
X
X
13 86
X
46 21
X
X
67 39
X
78 15
82 20
0 95
X
X
X
X
30 39
23 90
33 87
96 36
69 53
X
61 65
90 65
X
X
X
32 31
X
80 30
X
55 85
1 48
42 24
X
10 68
X
X
X
88 53
X
80 1
11 22
76 78
X
X
40 12
X
X
18 5
X
X
17 20
X
X
X
X
4 49
X
40 9
61 47
X
20 42
1 64
38 33
38 58
X
20 70
87 3
90 63
X
83 95
X
X
X
X
X
X
X
X
X
29 81
X
86 37
65 62
X
24 95
X
31 71
67 70
4 51
X
X
17 7
X
50 48
31 57
77 56
97 67
X
X
77 21
X
58 21
12 1
X
X
23 7
28 78
67 55
85 51
94 77
X
13 16
27 90
50 67
X
X
18 28
76 24
67 22
83 67
45 82
X
41 38
36 52
28 83
X
57 33
X
X
X
X
X
X
X
X
X
31 94
X
X
87 38
79 14
37 36
X
X
49 14
71 32
94 83
89 53
6 98
X
17 17
47 60
87 80
64 49
97 43
0 98
27 64
90 70
25 30
23 2
14 7
65 49
X
31 26
21 28
61 29
61 85
X
X
85 25
X
X
45 40
38 0
36 88
30 26
88 5
79 5
X
80 47
67 45
87 49
39 51
40 77
X
23 72
X
41 57
X
71 70
46 64
X
52 6
86 54
X
11 86
68 42
30 37
65 17
X
X
X
28 74
X
54 1
X
X
5 74
56 29
X
X
77 51
2 0
49 57
X
6 26
34 95
X
96 11
91 20
44 37
X
32 3
X
X
90 46
28 50
80 65
X
27 60
X
7 80
X
6 85
X
76 66
27 14
95 64
20 58
40 23
X
X
33 66
X
10 93
X
97 92
69 72
X
13 61
63 35
35 63
95 39
8 41
X
72 89
76 93
98 71
18 65
X
70 8
69 55
X
X
79 15
75 91
7 7
X
X
X
29 75
X
69 68
X
50 62
X
61 89
48 85
X
X
34 65
X
89 62
X
73 86
X
75 46
68 24
X
X
79 84
24 94
X
77 45
X
X
X
51 4
67 81
X
27 34
X
X
X
74 53
77 89
74 92
31 25
80 45
X
X
17 96
X
X
X
58 80
84 79
X
33 17
60 71
77 24
65 65
30 98
X
31 86
43 53
X
22 95
39 90
26 12
42 78
X
56 9
X
X
44 96
X
X
49 12
X
58 4
37 92
39 11
61 53
X
X
X
X
70 80
65 69
17 5
21 72
X
X
78 35
X
43 28
X
36 62
52 73
26 76
X
X
X
76 53
42 95
8 91
19 73
X
37 66
83 26
X
X
X
88 28
50 79
1 68
85 52
8 93
X
X
20 41
92 70
X
X
44 58
X
90 17
30 15
19 71
X
76 71
75 51
72 47
X
X
63 38
1 72
74 64
4 3
29 68
62 88
X
52 18
5 90
24 26
X
X
X
X
96 57
21 29
X
17 84
8 49
X
X
X
62 51
22 44
21 17
X
36 72
27 78
X
X
10 67
X
X
X
11 54
X
52 60
X
22 69
X
48 45
X
X
70 95
33 64
X
79 10
94 27
96 26
X
13 89
X
93 69
X
17 54
X
78 79
4 94
X
X
58 26
X
53 17
45 24
72 72
39 21
X
14 18
X
X
8 96
48 56
41 10
91 92
84 1
X
X
44 48
X
X
28 57
90 76
44 54
88 2
20 62
0 50
X
36 30
X
57 90
78 31
X
38 37
X
37 87
82 73
59 66
63 76
43 1
62 25
63 75
19 57
98 51
20 55
X
X
96 32
X
8 12
X
X
X
X
51 51
65 48
18 59
26 41
X
X
51 34
X
3 32
X
10 37
20 14
54 83
X
34 41
X
14 19
X
X
2 59
71 52
X
80 22
X
87 85
39 17
40 25
18 27
X
27 21
47 7
73 16
60 86
X
X
53 61
11 59
56 69
22 42
X
45 43
6 94
X
X
X
17 16
98 50
X
58 7
62 9
11 61
X
X
47 28
41 67
53 74
0 68
X
95 14
X
29 97
15 27
81 96
X
X
70 20
80 92
31 32
13 77
39 82
70 46
X
56 87
96 89
X
4 71
8 30
67 26
67 74
66 37
X
92 92
60 29
27 41
X
59 92
78 14
15 96
X
X
82 31
X
85 20
39 57
94 70
25 84
27 91
76 87
X
74 8
X
X
X
31 93
X
X
35 62
84 65
11 91
11 69
X
X
54 38
X
94 44
73 35
61 26
X
75 21
4 69
42 7
X
58 54
X
X
X
X
82 48
X
X
X
22 13
X
X
X
73 95
8 40
59 40
46 33
X
X
6 40
81 85
X
16 92
94 37
X
8 57
1 19
X
14 88
X
65 90
58 57
90 51
52 21
13 14
X
36 86
44 60
X
38 31
15 10
38 68
X
57 73
X
X
81 66
X
X
80 54
X
94 92
80 93
12 25
43 37
X
76 28
X
54 63
17 6
82 74
10 84
X
X
35 39
X
X
X
32 41
55 32
97 57
56 33
X
69 90
29 50
X
90 0
X
53 45
4 50
55 5
24 59
42 10
64 59
5 61
67 41
X
X
X
X
70 32
X
X
X
65 8
24 75
0 69
X
53 80
98 68
X
17 40
44 90
29 4
91 16
3 30
22 30
27 83
53 18
75 33
33 38
60 85
74 87
X
30 30
X
24 53
26 28
X
X
X
X
56 52
X
X
31 2
60 56
X
X
X
41 75
74 22
X
79 61
X
28 58
X
86 41
X
86 42
X
X
57 34
X
43 62
69 22
40 60
X
X
86 18
23 37
X
83 38
15 53
35 10
X
27 39
18 62
X
X
X
47 52
23 35
32 2
56 94
41 48
77 13
X
X
X
X
77 69
X
X
91 63
7 10
X
X
42 63
5 51
X
95 70
68 98
15 91
X
X
X
48 50
59 96
61 77
17 14
39 68
15 64
83 86
90 26
28 42
X
6 90
43 59
66 40
20 27
X
39 97
X
29 37
87 52
94 46
53 59
X
X
X
39 44
53 65
54 58
X
29 42
X
11 33
93 78
27 98
X
98 78
81 86
15 34
95 78
X
X
X
X
X
X
36 73
18 71
42 5
96 45
X
X
36 50
X
28 91
98 31
76 23
67 63
24 6
X
63 7
71 34
94 55
79 75
X
X
15 77
28 72
35 19
X
X
35 92
X
X
X
24 36
X
77 47
45 37
4 76
X
48 31
57 23
X
9 60
X
X
91 34
12 46
13 40
9 67
X
X
X
3 12
2 49
37 77
X
X
54 86
31 39
X
51 25
94 59
70 44
X
X
81 48
X
X
10 21
X
X
13 59
27 74
X
X
47 6
28 49
X
73 43
X
63 25
31 92
X
13 33
46 18
5 20
5 55
5 33
X
69 83
X
X
88 41
X
X
39 45
21 94
X
X
52 52
X
X
85 16
X
X
54 90
X
6 84
6 42
X
X
18 19
41 92
18 75
X
X
X
52 91
56 42
X
5 87
23 47
13 23
50 72
X
X
36 49
16 81
17 91
X
5 97
44 50
X
X
X
X
X
X
X
X
59 38
82 25
77 67
X
0 15
30 86
55 79
X
X
14 69
X
66 83
X
77 17
86 83
66 66
X
33 11
X
X
10 32
X
95 47
9 25
X
X
21 2
X
X
19 80
X
X
X
X
X
51 50
X
X
12 7
8 47
X
X
26 78
X
11 56
20 72
42 36
1 97
X
X
86 3
X
35 49
X
X
X
X
X
47 59
21 21
2 86
X
47 70
X
X
85 35
X
75 30
15 71
27 82
X
X
X
87 7
X
68 80
77 91
25 53
93 27
X
55 19
26 73
X
X
8 50
X
74 21
67 77
24 84
83 94
12 6
20 73
87 44
X
91 98
62 93
64 72
55 82
71 7
64 96
X
X
X
51 86
58 85
7 4
43 94
X
X
53 28
X
X
56 31
91 4
84 78
34 88
